320 30
4.627199986882994 47.05280876122724
1.316598628198278 57.99581063675416
25.26948140233713 46.480108495700605
0 57.904768468726246
0.004603763962132579 58.55402531457817
24.60667198243161 47.01754306709613
16.308399214217857 37.4133474553276
0.8637831389035222 58.46345463441989
25.263779245796545 47.82640315190036
15.440395097070017 38.279096237905755
1.3152738473720331 56.86940278322377
0.8815002690845248 57.21119119052522
25.52450890184059 46.15799075082967
4.248389303717047 46.18068498654611
16.347651026040868 39.16651236150401
24.601650512334736 46.89227860520669
25.370205981820916 46.18169048080771
3.485494970394625 45.99699088815268
4.371990600187999 45.85732433571926
0.39400766984546864 57.18799873035525
16.859083158296194 37.920630123380846
16.288982112708318 38.2767634813229
4.832716024008876 46.10768989787431
0.46717828282105933 58.782290842656714
25.740146935035355 46.93408602365174
4.439661820005528 45.897184580681824
16.058076021864878 38.4406587004834
3.286188273154119 46.09047454952234
15.133334542389134 38.221749185807205
16.17748552737588 38.50448772956893
0 1 1 1 1 0 1 0 0 1 1 1 0 1 1 0 1 0 0 0 1 0 1 0 1 0 1 0 0 1 1 0 1 0 1 0 1 0 0 1 1 1 1 1 1 0 1 1 1 1 0 1 1 1 0 1 0 1 1 0 1 1 1 1 0 0 1 0 1 1 1 0 0 1 1 1 1 0 1 0 1 0 1 0 1 1 0 0 0 0 0 1 0 0 1 1 1 1 1 1 1 0 0 0 0 1 1 0 0 0 0 1 0 0 1 1 0 1 0 1 0 0 0 0 0 0 0 0 0 0 1 0 1 1 1 1 0 0 0 1 1 0 1 1 1 0 0 0 1 0 0 0 0 1 0 1 1 0 0 1 0 0 1 0 1 1 1 1 0 1 0 0 0 0 1 1 0 1 1 1 1 0 1 0 1 0 1 0 0 1 0 1 0 1 1 1 0 1 1 0 0 1 0 1 0 0 1 0 0 0 1 0 1 0 1 0 0 1 0 0 0 1 1 0 1 1 1 0 0 1 1 0 1 0 0 0 1 0 1 0 0 1 0 0 1 1 0 1 0 1 0 1 1 1 1 0 0 0 1 1 1 0 0 1 1 0 0 1 0 0 1 1 1 1 1 1 1 1 0 1 1 0 0 1 1 0 0 1 1 1 1 0 0 1 1 0 1 0 0 1 1 0 1 0 0 1 0 0 0 1 1 1 1 1 1 0 0 1 1 1
0 0 0 0 8 0 0 35 66 0 13 0 0 0 0 0 0 0 1744 0 0 0 3606 0 0 0 0 33 1533 0
1671 9 19 15 0 2047 49 68 15 13 0 82 0 18 53 1 48 51 0 88 1679 61 49 33 45 72 55 0 1946 46
64 7 1791 40 0 27 23 0 0 0 1598 1893 11 20 19 41 81 11 138 63 49 1697 0 5 24 36 0 0 0 0
0 0 8 1341 24 59 0 0 89 37 48 62 0 0 63 1586 1702 70 28 1825 31 0 21 12 18 7 39 78 0 70
32 21 0 0 1792 15 61 33 1859 0 1689 34 16 22 0 66 0 53 28 39 26 31 68 29 7 22 27 12 1636 51
3 0 0 18 0 0 0 20 0 1817 0 2 0 18 0 0 1809 1740 0 22 0 13 0 1747 0 0 0 20 0 0
0 41 46 10 7 62 41 45 0 34 49 59 26 71 39 0 18 51 18 0 3174 36 5 27 75 34 1647 1741 69 0
6 24 39 0 17 1525 0 0 0 0 31 0 11 0 36 36 15 0 1990 24 0 13 0 9 30 0 0 22 1807 1703
12 0 0 3 29 0 0 0 0 69 0 3 1786 0 1445 0 0 1620 31 0 0 3 9 20 0 16 0 0 2063 0
25 55 41 0 61 27 47 0 3 60 24 38 0 0 0 35 0 40 29 0 74 0 0 0 46 74 0 2866 2143 1790
1819 0 37 1484 13 31 31 1652 18 28 34 28 22 34 0 0 1815 45 80 50 0 17 20 46 50 0 31 7 0 38
25 22 26 1696 20 34 82 19 19 4 37 57 0 3650 19 31 23 34 1619 30 11 44 28 0 0 29 24 5 91 40
0 1516 1660 19 16 0 23 0 48 1888 1691 0 0 18 65 0 0 21 13 0 14 0 28 15 0 0 34 41 10 9
0 11 0 82 20 57 68 40 1719 0 44 0 83 40 64 13 1511 42 0 19 32 41 1778 39 0 1777 73 27 21 0
0 55 23 10 0 73 9 34 0 0 1438 23 29 15 23 0 87 39 0 20 50 63 1680 0 62 17 0 31 57 3623
28 0 1701 0 1796 4 0 29 0 0 1854 12 0 21 0 0 0 0 0 0 0 17 0 0 0 0 1913 27 0 0
84 9 73 1507 97 0 13 55 0 37 0 0 1675 0 36 110 34 0 88 21 0 15 0 0 56 24 3544 24 0 12
35 24 10 15 10 1484 26 1611 19 31 16 12 0 0 28 9 0 1996 0 21 36 0 0 18 51 0 1605 11 11 12
0 0 62 16 8 1849 9 0 24 0 0 0 0 1724 1867 37 0 0 0 0 28 17 85 9 26 9 0 0 0 1593
0 2065 13 0 0 0 0 0 0 13 0 1892 0 27 1885 0 0 0 32 0 0 22 0 0 1440 32 0 0 0 0
28 1788 10 17 19 0 60 1689 23 0 44 1548 49 30 28 1564 0 26 87 19 14 14 57 60 27 89 79 14 63 57
0 42 0 0 36 0 1769 20 1326 0 0 0 0 0 16 0 34 14 0 29 0 0 0 0 0 1672 1664 17 26 0
27 56 0 64 8 1299 40 37 42 20 31 43 21 25 0 0 16 69 33 12 1588 42 30 1981 0 17 21 46 1513 0
27 0 0 0 1745 0 14 0 15 0 0 0 0 0 39 0 1785 0 0 24 0 25 0 22 3617 0 0 0 39 0
11 1914 2 32 30 0 0 55 0 32 0 57 0 0 34 64 0 31 61 1785 33 1470 0 11 1724 67 16 54 66 22
7 0 0 27 6 0 5 20 1828 0 0 0 0 0 1775 0 0 1751 0 16 0 0 1606 11 0 0 0 20 0 25
0 0 0 68 82 1710 0 0 44 11 1739 9 0 16 0 1651 1555 50 45 44 34 81 0 0 23 14 25 31 43 68
0 0 0 20 1922 64 0 16 1802 11 0 6 0 0 12 11 12 0 32 11 19 0 0 3437 0 0 0 0 57 0
0 0 38 37 0 0 1597 0 25 28 2011 0 0 0 25 0 0 1605 65 1775 11 15 31 27 0 20 0 22 30 0
15 1633 1833 0 54 101 0 0 28 20 14 27 0 10 1758 53 19 37 9 23 1411 38 55 0 6 45 53 57 23 7
0 15 13 9 0 42 31 0 0 55 1788 25 1684 24 23 32 106 21 3 30 1507 0 0 2074 32 37 0 23 25 19
17 1700 12 35 8 0 14 11 25 24 25 2180 0 14 1597 0 0 1537 0 27 0 0 0 0 31 0 15 34 21 0
0 2104 51 19 61 33 0 0 28 8 23 25 49 1575 0 0 25 6 0 12 37 33 2 46 15 1493 1767 0 71 0
0 0 16 1913 15 0 0 0 14 0 0 0 0 0 1650 38 0 23 19 52 0 1802 30 0 0 0 28 1446 35 12
0 19 0 21 20 54 49 94 1671 49 10 20 1530 68 0 47 8 1651 53 0 1702 0 45 0 20 0 73 0 20 0
6 0 0 18 0 0 1807 14 0 0 0 1509 12 13 0 0 24 0 9 1545 1981 0 17 0 0 17 0 42 0 13
67 26 36 1630 0 1785 37 57 10 19 71 0 15 1844 0 17 6 44 18 12 60 0 15 37 14 1661 39 32 0 0
12 0 0 53 0 18 6 1595 0 0 0 19 27 0 0 7 0 0 41 1571 8 1755 0 0 1791 0 14 0 34 0
18 29 25 1694 0 40 46 0 8 0 0 0 34 0 25 9 12 0 66 11 20 3258 14 1703 30 0 0 0 4 20
0 20 0 8 20 49 1515 48 26 24 65 0 0 76 45 0 26 15 91 1645 1505 18 0 52 0 35 1652 0 38 44
3002 22 19 32 9 30 21 46 72 0 43 14 51 1 18 11 8 32 28 0 1801 1553 11 43 19 16 0 112 0 8
14 32 0 33 52 15 26 15 22 58 0 37 1623 14 44 0 91 0 36 0 1696 27 0 32 6 29 18 1419 1838 59
1207 53 69 0 38 0 8 28 30 0 85 0 25 21 13 0 0 20 12 0 31 42 47 43 30 22 1820 1732 52 1729
26 40 52 1862 0 32 55 0 26 1434 0 37 60 0 25 0 0 0 27 13 43 0 1587 16 0 2 58 27 1827 5
32 12 0 0 18 12 114 1599 21 54 0 25 39 13 0 0 1604 27 0 83 38 39 1661 1608 96 8 29 32 8 15
43 0 1890 17 22 39 0 5 0 0 28 0 0 34 15 19 0 0 0 25 10 0 2957 2 11 48 40 1811 0 0
60 27 24 1678 15 0 0 14 1680 1 45 17 11 1541 39 25 14 0 27 53 60 83 1614 29 30 0 0 0 81 0
1591 12 34 1 70 14 29 39 57 0 24 1779 0 31 0 56 0 1349 12 0 0 0 15 69 52 39 78 0 1782 0
19 0 0 57 28 38 0 72 0 1810 0 30 41 0 41 8 55 0 27 37 1627 0 1314 0 51 34 1609 57 86 86
9 49 35 16 29 38 25 69 1756 25 0 0 0 13 12 52 0 0 49 1685 75 25 33 5 0 11 55 1668 24 1500
1601 14 28 20 4 1695 18 22 0 0 1525 28 11 39 7 0 15 0 3 1796 15 20 0 44 0 0 0 0 0 0
1564 0 0 0 23 2922 0 34 0 92 25 4 16 1776 2 0 52 0 60 21 5 41 11 38 47 19 47 16 42 75
64 0 61 1316 99 1541 10 25 16 1 0 0 71 0 54 16 31 107 17 1340 0 12 51 0 1795 0 38 86 16 67
0 31 0 1570 72 0 1390 34 0 27 68 0 49 1475 26 14 0 99 25 30 62 0 74 31 0 1942 64 0 0 28
1794 10 0 0 0 0 0 0 20 1598 0 29 41 0 0 43 31 15 0 0 1687 0 26 0 1527 0 20 33 18 0
1864 30 4 87 0 0 1329 7 57 0 0 0 32 76 14 64 53 49 0 27 56 0 0 0 1701 1386 17 54 28 54
0 0 0 0 0 0 0 1459 0 1769 0 0 0 0 0 0 42 0 18 0 0 1734 0 7 0 1841 0 0 16 4
13 0 32 0 3471 72 0 0 1573 58 92 45 58 0 27 0 1669 65 41 32 25 33 0 14 20 25 16 37 59 11
0 0 1564 22 0 40 22 0 13 42 1709 0 0 44 15 0 18 0 0 0 35 7 40 1482 69 18 81 49 23 1835
1325 0 22 13 1886 0 1463 0 5 0 0 0 6 0 0 0 19 5 0 0 0 0 25 0 5 43 32 0 11 1592
29 39 0 98 20 17 0 0 0 30 49 11 3418 18 1613 44 43 12 0 30 45 17 50 41 2 66 29 0 1504 22
33 26 76 30 0 5 34 86 34 10 9 1576 25 0 13 0 16 18 28 55 0 0 1927 51 36 1146 28 0 48 1518
48 35 0 0 1511 14 0 29 31 40 3228 15 32 3 0 18 16 26 39 1835 0 33 38 45 25 30 0 0 0 87
54 1727 1654 43 7 62 0 25 25 45 76 21 24 0 44 0 11 0 28 43 36 16 41 0 0 1484 47 36 0 1616
16 0 13 1679 0 24 9 28 0 0 17 1636 11 0 1 11 10 0 1574 0 0 1539 51 10 14 0 0 10 23 23
18 0 0 0 1504 0 0 0 0 0 23 0 23 6 1896 1677 0 37 1822 56 0 0 0 0 0 0 0 43 0 0
46 23 15 0 34 17 81 1660 1447 11 0 11 29 0 24 25 1287 0 27 41 55 103 7 42 1488 44 18 23 39 0
5 0 1 0 0 0 29 4 0 0 0 1606 0 29 0 0 0 10 0 0 0 0 30 1517 0 1469 14 0 1650 27
9 37 22 0 1746 0 48 12 32 40 1540 0 1671 0 7 56 0 16 4 94 1388 29 0 0 10 27 14 56 24 41
1475 2023 28 26 18 20 17 1321 12 35 9 33 39 71 27 0 35 37 0 16 0 49 33 1481 36 0 20 76 9 0
0 51 1571 4 10 0 46 62 1745 26 0 16 35 45 0 43 47 43 78 1429 0 0 0 1636 50 0 0 0 21 25
22 0 12 3106 0 0 0 1848 0 0 17 0 27 0 0 2 20 0 0 0 0 0 0 0 17 0 0 0 1777 13
0 0 1622 0 0 1601 0 43 0 21 1584 0 0 21 1647 41 0 0 0 0 30 20 0 0 0 0 15 40 0 0
24 1541 30 0 20 1574 26 1557 70 0 47 58 39 1396 55 29 9 13 26 16 49 21 0 19 6 0 36 0 0 17
19 43 4 0 21 52 0 21 46 0 0 1 0 0 84 38 0 24 0 3015 1548 40 38 0 36 0 21 36 0 1670
42 2930 0 0 0 0 17 0 51 83 1560 58 2 1759 0 38 50 29 0 0 57 18 25 42 47 0 49 26 28 0
0 0 1606 1435 79 1498 0 23 32 34 19 1 0 31 0 37 0 63 0 58 49 36 1517 57 38 44 67 12 29 0
0 32 0 20 0 0 1617 0 29 0 34 13 15 0 0 0 6 1329 16 1762 0 0 6 1864 26 0 19 0 0 0
0 82 1763 27 0 47 0 0 0 1437 18 36 11 0 41 1586 103 1203 69 0 0 0 13 30 35 0 50 2 0 0
0 0 0 49 0 1310 0 1792 0 0 0 10 0 28 34 15 0 18 1591 11 18 27 0 1654 17 0 0 0 23 6
74 0 1651 0 30 52 1 7 0 27 1502 1567 0 0 43 31 28 43 0 104 27 0 1400 31 18 52 0 0 0 29
0 0 14 0 0 1620 16 4 1675 0 24 26 0 1612 41 23 0 11 0 24 0 0 15 40 11 0 0 1387 33 0
0 42 25 23 50 0 34 1602 21 15 38 0 50 0 39 33 4 12 24 1596 2 1538 30 15 46 81 66 1649 0 0
0 0 0 0 1699 13 1707 21 1381 0 30 0 0 3 3 8 21 0 1613 12 0 30 0 29 5 18 0 15 0 0
0 0 19 24 0 47 1540 22 22 14 75 1565 5 41 7 39 29 27 1427 55 0 15 21 36 22 1317 15 13 38 27
42 1349 13 28 0 0 41 14 1537 4 1431 1597 21 0 58 87 0 39 51 0 22 36 22 20 26 0 23 0 18 0
3398 0 0 57 29 1222 8 0 0 23 0 11 32 20 7 8 0 28 0 0 0 30 0 14 1343 15 48 0 0 0
19 9 30 27 0 9 11 1925 0 0 19 14 0 1407 0 0 1292 0 0 54 7 19 0 15 7 0 0 0 0 1454
0 0 1409 0 0 19 18 8 0 0 1500 11 0 0 0 0 7 20 0 1855 0 29 1509 0 0 0 0 0 0 23
0 0 0 0 17 20 1753 0 0 2 1 14 1646 0 0 0 0 0 31 0 1516 16 52 39 0 0 1615 13 0 0
1469 19 19 1727 17 0 0 21 1525 20 1556 54 0 0 9 0 55 0 33 0 0 0 20 13 3 3 24 0 0 0
1699 0 20 19 36 1637 37 1169 1474 0 2 0 61 0 6 0 48 0 0 103 45 0 57 0 19 66 17 43 0 65
10 25 0 0 1494 0 0 5 18 0 0 12 0 6 22 0 0 0 17 1266 34 10 1630 0 0 23 31 1549 3 0
0 0 0 0 0 10 17 10 20 1166 6 11 20 34 21 0 52 0 0 9 8 0 1636 1588 0 0 23 1549 3 0
13 19 44 1367 0 10 24 33 36 0 1514 12 0 0 67 9 1735 0 89 17 1622 49 37 4 35 38 30 0 0 21
0 68 21 50 37 0 0 1279 0 0 49 34 22 0 83 1589 0 36 1678 42 0 1472 0 21 42 62 31 0 41 33
60 91 0 0 42 0 37 0 17 21 77 0 1589 31 1548 30 1375 30 1444 34 48 7 0 29 39 21 18 0 0 0
1511 0 21 18 35 0 49 0 1583 26 1440 34 28 0 0 35 20 21 23 77 0 31 17 23 0 1625 32 22 40 12
1545 31 36 0 31 31 47 1358 0 1400 66 33 154 1662 0 33 45 0 16 58 0 0 0 0 0 23 18 73 0 0
1621 27 36 0 0 0 0 0 6 58 23 73 0 1341 38 1571 0 45 25 50 2 57 0 35 0 39 73 1365 0 47
1259 0 74 0 11 0 19 48 50 16 27 1357 0 3181 16 23 0 0 116 0 35 0 0 55 3 0 0 0 17 23
1870 44 8 0 25 0 0 0 27 28 5 1383 0 24 20 34 0 3 1587 41 0 1216 23 0 0 0 0 0 7 18
1345 22 0 0 8 0 0 10 19 25 0 1589 0 0 16 0 26 1826 0 19 0 0 29 46 0 1447 0 21 4 0
1587 1624 15 0 0 12 0 0 1626 12 15 0 1696 20 0 12 47 14 14 0 24 15 0 0 0 0 0 0 0 19
0 0 64 0 0 0 0 13 0 1543 28 4 17 34 0 19 0 0 0 8 9 23 1440 0 0 1729 35 0 1445 0
14 11 53 0 20 0 25 46 21 12 0 1447 0 65 0 21 0 68 0 20 1443 32 1310 0 1744 0 6 122 25 17
78 0 8 0 0 19 48 32 1722 17 53 1543 0 10 25 1384 8 49 46 0 17 29 0 0 29 21 0 1439 0 0
0 0 0 26 1788 18 0 18 0 12 27 5 0 0 0 1307 0 0 47 16 16 0 1839 0 0 0 22 0 1368 0
0 6 0 7 1599 0 1543 27 3362 0 19 0 27 28 0 0 0 0 0 31 0 0 0 0 0 0 37 24 24 0
0 0 17 0 1794 36 47 0 39 33 0 0 0 27 17 0 1765 0 2 30 0 0 16 28 0 0 0 1602 1507 11
18 0 1491 1446 2 0 0 12 8 0 30 10 37 2 0 0 44 0 0 0 0 9 0 1536 1585 0 0 20 0 12
64 24 29 1437 1296 1602 35 0 0 5 0 0 0 37 39 59 14 24 1635 0 0 20 0 80 44 10 43 25 0 17
37 0 0 0 1 46 1 1532 2 0 0 0 3014 55 4 19 28 0 0 0 0 0 5 1704 0 0 0 0 35 0
0 0 0 0 24 1872 0 0 0 19 1471 14 12 10 12 0 1378 3 0 0 0 0 0 0 42 0 0 0 1439 13
29 0 24 0 19 0 0 1496 31 39 13 93 25 16 1315 47 0 0 42 17 0 28 1421 16 19 43 1412 32 38 10
1272 0 32 32 39 29 60 0 6 0 24 0 75 41 0 62 13 34 30 15 16 1529 1301 1694 12 14 38 0 0 45
1419 0 47 36 0 1569 0 32 33 22 0 8 33 36 0 0 0 1539 0 8 0 0 0 46 17 1301 0 20 0 0
78 37 0 37 0 28 24 74 28 24 14 19 25 14 30 0 40 46 82 32 1488 31 22 0 0 1426 2872 6 47 13
26 19 1478 9 0 8 0 19 0 18 0 0 1415 0 0 12 12 0 22 17 7 0 1664 0 1745 0 0 20 0 12
16 20 13 63 27 24 27 15 40 0 49 10 0 1482 57 12 0 0 0 0 62 49 26 8 42 1383 0 1430 46 1723
7 12 0 5 0 0 0 18 28 1779 0 0 0 22 0 12 0 6 1670 0 0 0 37 35 1573 34 0 25 0 1392
1448 0 47 1263 17 1756 0 10 26 0 49 29 1481 14 0 0 20 0 22 21 0 0 0 17 0 0 0 0 0 0
0 0 0 0 0 0 7 1770 0 13 24 0 1 28 0 0 29 16 0 16 1330 15 0 0 1543 1552 0 41 0 14
0 0 0 15 33 42 0 10 0 1389 21 0 25 0 13 1562 15 0 21 0 33 42 0 1804 10 22 12 0 11 1323
66 49 15 7 0 17 0 0 20 0 0 1357 0 5 1542 1565 7 0 14 0 0 0 1361 7 21 0 27 0 0 0
0 0 0 10 0 1526 15 1475 9 24 0 41 22 4 0 0 1672 26 0 0 19 0 0 0 33 1664 0 0 0 0
7 0 0 1602 17 0 1596 0 0 7 0 0 62 0 0 0 23 0 0 1533 0 2 0 1417 16 11 0 31 0 0
0 1 0 21 0 1676 0 30 19 31 11 31 1593 0 4 1328 0 16 21 12 0 0 0 0 1396 0 0 0 0 0
33 0 1207 0 0 26 0 0 1696 0 0 0 0 18 0 1568 14 0 12 18 5 0 0 0 0 1347 17 0 17 16
1398 0 6 0 0 18 20 14 0 0 42 12 1568 3 0 15 0 0 1515 19 23 0 34 1458 0 0 11 18 0 37
18 31 6 16 3021 29 126 18 40 41 37 19 27 19 79 26 38 17 0 0 0 40 1437 0 55 0 25 6 0 1642
11 21 62 11 10 18 0 0 0 15 0 11 0 1553 0 0 0 0 1549 0 1449 1404 0 0 0 0 10 0 15 0
0 25 19 37 2 58 36 86 1579 0 82 14 48 33 2893 25 57 41 1290 29 19 35 0 0 0 30 0 0 54 0
46 3 0 1401 43 1521 14 0 1402 37 33 22 17 81 1409 34 8 16 31 31 115 15 21 0 4 25 57 12 9 0
23 26 4609 64 0 0 47 28 65 102 68 0 0 72 0 1251 68 0 25 16 49 23 48 38 0 5 30 30 21 0
0 13 30 1397 47 0 77 0 1674 35 31 0 19 15 0 1369 16 8 0 79 0 19 1122 61 13 48 13 53 18 0
1507 0 0 53 1647 28 23 0 0 20 0 0 0 0 0 0 0 8 0 0 0 0 3 0 1292 0 5 1385 0 4
0 0 0 22 0 0 0 10 6 0 2 0 0 40 17 0 0 0 0 1440 1622 0 1465 3 0 1651 0 0 0 0
0 1440 0 0 0 0 33 0 0 12 8 0 28 0 1547 0 0 0 23 4 2 0 26 0 15 0 0 0 1580 1388
18 33 0 1553 13 0 0 0 26 37 1693 20 0 1308 96 1279 0 51 0 38 0 52 24 21 0 0 0 0 19 36
15 42 27 0 0 64 32 0 53 0 21 1436 22 0 0 22 0 26 0 51 1392 46 0 1514 40 0 1 1442 0 14
1761 0 0 0 18 15 64 0 1510 0 36 11 32 0 0 0 0 0 0 0 2837 17 0 0 0 99 0 27 0 25
35 27 41 72 33 31 7 22 37 0 31 0 37 1279 0 15 1417 11 0 0 0 31 97 0 51 0 1508 1202 26 0
0 33 0 40 26 0 41 1562 54 30 31 70 27 21 1592 0 0 19 0 48 0 27 29 1370 0 13 31 30 1444 20
6 1538 56 0 0 139 0 32 0 42 34 2 21 0 23 2815 1221 13 0 20 0 0 0 53 29 0 53 49 70 17
0 0 23 0 0 0 19 1567 0 0 0 0 3170 0 19 0 20 13 0 0 13 57 0 0 0 24 0 0 1438 43
2 0 0 23 0 1445 25 1545 0 0 8 0 1527 0 20 12 1245 43 18 0 0 0 3 0 0 0 0 4 0 32
0 0 0 0 15 0 18 0 0 0 0 0 18 1463 36 21 1431 0 1349 0 0 0 0 0 0 17 0 0 26 1613
0 41 49 20 3 1397 1264 20 56 18 0 11 0 16 43 35 97 66 12 68 1274 0 0 101 0 0 36 0 21 1267
0 0 20 0 0 3 0 1346 0 0 0 1483 0 0 20 0 0 0 0 1398 1727 0 0 18 0 2 0 0 7 24
9 36 4 1611 0 41 25 49 0 25 0 24 42 1399 0 0 1444 49 0 0 0 0 1248 0 18 0 0 45 0 0
0 0 1540 34 0 0 0 0 49 0 0 13 12 17 1597 1275 14 42 0 0 0 0 0 23 23 0 1476 30 38 31
21 0 11 15 20 0 39 25 0 0 0 0 0 7 38 0 0 54 0 1558 28 50 0 1551 0 0 1309 0 0 1522
43 0 0 32 0 1358 0 1429 54 0 28 47 1451 23 1 7 46 25 0 18 0 0 1258 59 0 33 14 75 30 0
0 24 0 25 0 12 1204 22 21 0 0 0 6 0 8 1618 0 0 39 21 1480 15 0 21 23 29 0 24 0 1613
1473 1707 0 11 11 1 28 28 3 0 39 0 22 29 0 9 1413 36 1267 0 48 0 22 24 16 0 16 71 25 0
21 0 18 20 0 0 33 52 23 61 0 16 48 28 1269 36 1376 0 28 57 28 0 1381 0 52 1498 8 24 19 0
2979 34 0 22 0 9 0 53 0 0 0 0 0 38 0 0 34 0 0 13 29 1400 0 0 0 0 34 1471 0 0
0 0 12 1433 0 0 35 0 0 0 0 1647 0 31 0 0 13 12 14 0 0 0 16 32 1502 7 38 0 1474 0
29 34 0 0 0 30 30 29 1206 33 0 0 21 51 1511 33 1508 13 7 0 17 0 31 32 88 20 20 1271 67 26
13 0 0 19 4 0 24 0 36 1278 0 0 1577 22 0 0 1733 0 1493 0 0 0 3 0 0 0 0 0 0 0
0 31 0 14 0 0 0 0 8 0 15 1357 2513 15 70 25 0 0 0 0 40 0 0 0 0 5 11 1810 24 12
32 0 0 0 0 1264 1542 16 0 24 12 23 35 52 34 0 17 13 0 36 0 46 0 38 2954 11 0 63 0 23
1333 0 1335 0 0 0 0 18 0 26 0 1448 0 11 42 0 0 0 0 1345 0 0 0 0 0 14 17 19 0 15
0 48 0 23 1393 44 1404 71 1172 0 0 47 45 118 6 38 0 28 0 1193 42 21 14 0 42 54 18 60 21 15
59 0 54 0 47 0 0 1250 96 42 0 0 1330 8 0 78 29 28 36 0 0 20 1373 22 23 19 1444 36 107 22
21 0 39 0 0 1215 62 1675 39 0 0 0 48 1375 0 0 0 0 1382 21 37 37 46 0 16 0 36 62 0 0
1422 27 0 43 89 14 21 51 0 112 0 0 1264 28 53 50 46 19 48 0 0 1632 85 0 18 34 29 0 17 1279
0 0 0 1637 13 30 1381 3049 0 0 0 0 0 18 12 0 0 34 0 7 17 20 22 0 32 0 0 0 0 0
14 13 0 23 42 0 0 19 52 34 0 17 35 54 25 0 0 0 20 0 64 1476 0 57 2763 0 0 0 1431 59
1422 0 0 9 23 0 11 0 0 0 1590 0 0 7 8 0 37 9 0 1275 0 0 0 1587 23 7 0 11 24 16
1326 11 0 1512 0 1484 0 6 0 41 0 11 0 15 9 0 9 17 11 0 0 3 0 37 13 8 0 12 0 1355
2977 0 0 0 0 3 16 0 0 0 12 0 0 0 0 0 0 0 0 0 0 33 0 0 1559 0 0 1266 32 23
0 0 0 0 0 33 20 0 1573 0 1614 0 8 13 34 0 22 0 1414 0 14 16 0 1140 0 21 59 13 0 0
61 0 4 13 1176 0 31 1324 0 20 12 1248 0 49 30 0 1552 0 0 11 40 0 81 29 98 0 0 9 27 20
0 0 15 0 24 0 2641 30 39 9 47 29 28 41 0 13 0 80 22 1192 64 21 0 32 0 25 105 0 14 1456
0 0 0 7 0 0 0 37 0 19 0 18 17 1600 1632 1330 14 15 0 0 27 11 0 0 53 14 44 0 1329 14
2 44 1525 63 30 1388 27 45 30 41 47 0 11 0 0 0 0 1174 57 0 13 0 16 89 20 86 26 1388 0 0
0 51 0 1205 1417 1618 40 0 1618 18 0 0 9 31 59 0 13 42 18 46 53 52 0 12 55 14 43 18 18 11
0 7 33 18 25 53 32 79 0 21 51 33 1275 0 42 82 1273 34 14 1494 37 0 1295 21 0 53 31 0 0 16
26 30 1 0 18 44 54 0 27 0 22 2 45 2340 0 46 1347 0 19 2 0 0 0 13 31 61 56 95 24 1541
12 0 36 13 0 0 10 33 0 0 7 20 0 0 25 3 0 1428 1 1197 0 2779 36 0 25 0 0 0 0 0
29 6 68 31 55 37 27 1392 71 0 1563 10 87 18 28 0 0 0 1320 26 27 0 0 20 12 12 12 1476 0 16
0 0 1154 0 0 11 0 0 18 0 18 0 0 0 5 0 11 0 0 0 0 28 0 2511 1896 0 19 0 0 0
1623 0 23 47 8 31 0 0 36 32 1469 0 1296 18 15 12 1209 0 26 31 8 49 0 62 5 25 59 26 31 0
0 0 1441 0 16 0 0 1550 0 0 0 22 0 5 0 0 0 11 28 0 0 0 12 1499 0 1456 0 25 0 33
28 74 7 15 0 1544 0 1454 25 39 30 0 25 0 29 92 0 0 0 34 0 63 1448 23 0 15 0 41 1145 24
0 7 15 0 1488 0 17 0 0 0 0 0 0 0 17 0 11 1619 20 0 0 0 2722 12 6 0 0 0 37 0
0 0 0 10 0 1216 0 0 1230 12 1556 0 0 12 0 93 0 1570 16 0 0 0 22 0 0 24 13 22 30 0
41 0 34 27 1445 0 0 15 0 0 9 37 0 105 1290 0 0 1306 0 1470 19 67 34 0 11 62 0 54 22 20
24 2 0 13 18 12 14 16 0 22 0 15 23 1262 0 0 1295 1302 17 18 1673 0 0 0 0 0 0 15 26 0
45 101 34 0 32 16 33 0 35 44 13 35 57 36 1840 14 4 0 30 0 1364 0 33 0 0 1478 0 0 1144 37
16 34 0 34 6 0 0 24 0 0 0 19 14 1320 36 0 0 0 0 41 0 0 1 0 33 1464 0 0 1373 1309
44 42 0 17 32 36 25 73 14 0 14 1477 1343 70 0 34 59 0 12 0 0 0 47 20 47 0 1574 1267 44 26
46 0 0 38 13 32 2474 0 11 10 0 0 31 26 28 42 1411 0 16 0 0 0 0 0 45 33 0 1645 0 84
0 6 0 0 35 27 36 26 88 1798 56 1313 31 31 24 0 0 19 18 22 29 3 2 27 54 1277 69 902 13 20
0 1 0 0 0 19 54 0 0 17 0 0 26 0 0 1563 1198 0 0 12 0 0 0 25 1258 19 0 12 0 1758
0 1493 1155 0 20 0 0 0 60 44 3 28 43 7 1492 6 21 13 0 0 32 40 19 14 29 99 18 46 8 1222
22 11 28 20 89 0 9 67 0 0 0 0 1368 45 10 1333 43 0 0 0 45 32 73 111 1533 0 29 1299 22 0
0 0 28 0 11 0 24 20 0 1271 0 0 0 0 0 1858 1405 9 0 21 1534 0 0 0 0 0 0 0 6 0
0 0 0 15 0 0 0 0 17 7 0 1404 21 0 0 1531 64 0 0 23 0 2 7 0 8 1135 0 0 1295 0
39 0 0 26 0 1405 32 0 94 27 53 0 1503 0 39 0 18 14 19 41 1254 0 0 0 1 0 1330 0 30 28
0 0 4 0 0 0 29 0 0 0 0 31 53 0 1257 1543 0 21 12 0 0 0 59 0 1298 1507 11 0 0 0
23 52 67 34 11 0 10 0 30 7 0 0 34 62 25 1247 1356 8 32 0 2754 0 9 67 15 25 24 0 45 12
37 14 23 30 22 1265 17 10 6 0 0 1693 0 0 0 21 0 1400 24 0 0 22 0 1363 18 43 0 20 18 0
11 0 20 14 13 0 2 0 28 1240 23 0 1403 12 1669 0 0 0 14 0 0 25 13 0 0 0 52 1062 0 31
39 28 2688 0 61 20 0 0 93 56 19 0 87 0 16 35 31 0 0 1280 10 0 1433 16 50 29 0 23 0 25
20 0 0 24 0 0 42 0 1554 15 0 0 0 0 0 24 25 0 2 0 2913 0 12 1391 26 69 0 0 0 0
0 13 90 1267 0 5 1440 1590 0 0 0 21 0 0 15 0 0 5 0 0 0 0 1547 0 41 57 0 0 0 0
25 41 0 1497 34 0 0 0 0 18 0 0 0 21 31 15 5 2762 24 0 0 0 54 29 29 6 0 0 1611 0
99 1542 0 28 0 22 1339 44 19 26 15 0 30 0 1341 43 0 0 0 0 71 12 0 27 1404 13 48 15 12 24
1650 0 33 24 14 7 1439 0 11 0 0 2391 0 0 18 8 0 0 8 0 0 9 0 0 0 21 0 0 0 7
72 1317 37 57 0 0 0 0 0 17 30 19 27 0 54 25 1231 0 0 25 0 59 112 0 21 1382 0 0 56 1799
0 0 0 25 0 1371 14 0 10 6 0 0 0 0 0 0 0 1216 4 30 13 0 13 0 0 1222 0 27 1370 15
6 16 10 0 0 42 0 0 1340 69 24 0 85 61 0 37 1184 21 43 66 11 1762 24 43 26 1473 28 0 33 12
64 1407 0 11 0 0 0 0 28 3 0 4 0 0 0 1490 0 0 1321 4 0 0 0 1584 0 27 12 0 0 0
0 0 0 0 0 1442 0 0 45 11 25 0 1604 0 4 0 1211 0 45 0 0 7 0 0 0 0 17 0 26 1357
29 50 0 12 0 28 49 0 0 1482 0 9 93 15 1125 0 115 25 38 51 3 0 0 1341 12 33 1317 31 0 0
27 0 0 0 1474 24 0 0 18 0 1422 0 0 0 0 1705 0 0 20 0 20 0 0 0 1347 4 0 25 0 12
1455 0 15 0 0 0 1404 24 2 0 0 0 0 0 0 0 12 0 20 0 29 23 0 47 1445 35 16 0 23 1432
1380 16 0 0 0 0 0 17 21 14 0 36 1397 0 0 0 22 1582 46 963 0 0 0 7 50 0 0 0 5 0
98 0 44 9 49 12 6 21 34 2517 27 22 21 24 0 19 32 24 32 0 27 0 1640 0 43 0 1061 0 11 38
10 0 40 34 17 0 46 29 45 1354 0 52 0 19 24 41 0 1558 0 20 0 24 19 0 16 0 123 15 1385 1163
0 0 0 0 0 22 0 0 21 1461 14 24 27 1041 34 1471 0 1478 0 20 28 0 0 0 0 0 27 17 16 2
67 63 45 36 31 36 1319 0 0 31 0 11 0 31 48 20 59 22 10 30 0 6 1477 1250 0 12 0 20 10 1502
1617 13 54 0 31 4 29 35 37 0 0 0 82 1354 0 0 0 35 0 0 0 1439 39 18 0 0 23 16 1505 38
0 1385 49 0 0 2601 0 26 91 0 23 0 17 0 1141 18 0 46 19 0 70 33 0 0 0 26 50 7 25 0
0 0 9 0 37 0 1457 42 18 16 0 0 26 0 18 1627 0 0 4 20 973 0 0 1496 0 0 0 0 0 0
40 0 0 7 0 34 0 0 0 17 0 0 1319 1344 19 0 4 1416 18 21 0 16 0 0 0 21 16 0 0 1392
0 14 29 18 0 16 0 20 60 0 0 0 0 24 0 7 11 0 80 0 1543 1087 21 59 0 1733 0 1300 22 45
0 1449 57 0 51 0 1336 1372 17 0 43 0 31 0 35 27 116 1234 32 22 0 70 0 0 10 0 0 0 54 31
17 0 10 0 7 10 0 0 1306 0 1287 0 11 0 21 0 0 19 0 19 0 0 1305 0 24 22 0 33 0 1312
50 15 27 0 3 1254 18 46 39 1231 22 0 0 38 22 1577 0 63 6 49 36 40 30 23 1467 0 0 0 45 18
0 3 0 24 2 0 1316 1442 6 13 0 18 0 0 0 1600 0 1499 0 20 0 0 24 6 0 0 0 10 0 0
0 0 1231 0 0 0 0 0 0 0 0 0 12 0 8 14 1478 0 0 19 0 3 31 0 0 1 1296 0 1523 0
0 15 31 0 0 74 0 1325 0 1680 1401 50 9 0 17 0 1226 39 23 20 0 0 0 0 0 66 33 17 0 0
0 0 1376 24 3 37 0 53 38 34 0 0 1306 78 18 0 1323 7 0 0 16 26 1303 20 38 35 0 14 23 0
0 0 0 0 1343 5 0 0 0 0 0 14 0 1705 0 30 0 1201 0 13 0 0 0 0 5 22 17 0 1576 0
0 0 18 0 1030 31 31 1424 41 88 12 92 32 63 25 7 30 0 29 0 14 14 36 1329 19 13 14 0 24 1247
0 1204 0 0 0 1432 0 0 0 0 21 0 0 44 0 0 0 0 0 1708 0 0 0 0 0 0 0 1490 0 21
28 2814 0 0 0 22 0 9 36 0 1429 27 15 0 22 0 2 1458 0 0 0 0 0 0 10 29 31 26 0 14
20 47 1491 0 34 1433 1155 0 31 39 37 16 0 0 0 0 24 51 47 0 0 31 0 0 9 0 1376 21 7 12
0 1697 22 2686 0 0 0 0 0 0 0 1538 8 0 0 0 0 36 0 0 4 0 0 0 0 0 0 63 0 0
0 27 23 1460 0 17 15 17 0 39 16 0 25 10 28 0 0 0 0 0 25 0 1406 0 12 1062 61 0 13 1568
0 41 81 0 90 32 0 0 1668 25 33 0 12 40 0 23 26 0 0 17 5 4 41 0 48 2625 1370 28 31 12
1316 1492 0 0 0 0 31 86 51 0 30 0 59 23 6 20 0 26 0 1169 18 56 0 22 1654 0 33 0 18 10
11 0 0 0 0 0 0 0 0 0 0 37 1444 0 0 1574 21 19 0 12 16 22 0 1425 0 0 0 1233 0 0
30 68 0 26 0 0 0 1053 29 48 6 23 15 1346 0 0 45 1264 20 1565 40 40 0 37 44 0 64 0 17 30
2 0 0 17 1188 18 1657 22 0 0 0 0 0 19 7 12 1245 0 0 0 59 0 9 0 0 1399 0 0 27 0
19 2 32 0 0 0 29 0 18 0 7 2700 0 7 63 46 0 72 53 81 22 0 0 1420 105 32 1382 16 19 29
16 0 27 0 1346 10 0 38 27 0 14 0 1170 17 2 0 0 11 35 0 0 28 4 32 0 7 0 0 1575 1519
44 0 6 0 48 37 102 0 17 6 2476 18 12 0 23 1392 15 22 0 10 39 0 32 1663 40 16 27 0 0 14
1154 0 0 21 0 99 0 15 0 24 80 0 20 1296 0 0 22 23 0 21 0 41 0 68 30 1564 16 101 1453 0
12 11 0 65 32 90 7 63 32 23 1490 24 1259 57 0 10 33 3 1269 0 0 65 10 1206 44 0 19 42 44 0
45 0 44 77 16 18 24 0 0 1239 67 1396 15 35 43 21 0 74 0 1241 27 18 1427 39 9 0 27 11 0 0
1355 6 0 1523 0 0 0 0 0 0 0 0 9 13 16 1296 4 1458 0 0 5 0 4 0 13 14 50 0 0 10
0 4 0 0 24 0 11 0 0 10 0 31 11 1217 0 12 0 0 0 1498 0 24 0 22 28 0 1605 16 1455 0
1339 0 19 0 0 0 0 0 0 0 0 31 0 46 1417 36 0 16 35 6 0 0 0 0 0 1527 17 0 0 1308
0 0 37 0 0 21 1584 1349 0 11 50 57 25 58 21 33 6 33 0 1296 0 0 1193 31 0 33 32 35 38 0
33 0 1325 24 47 19 1121 0 30 36 0 68 41 68 1633 43 22 26 64 0 0 1230 16 24 0 0 0 0 15 47
12 28 1330 0 9 0 0 20 34 18 11 6 1687 14 40 24 0 61 16 36 61 1353 19 32 0 15 18 1331 0 13
0 1338 0 0 27 26 0 0 0 0 0 0 1427 0 0 0 0 1561 0 17 27 0 1443 0 0 9 0 11 0 11
22 0 0 0 5 15 66 43 1388 7 0 0 12 1531 24 0 35 0 10 0 0 0 0 7 1 1380 25 1358 0 62
15 17 0 7 0 74 1387 0 0 0 86 49 1306 24 20 27 31 67 0 0 0 1340 0 44 0 0 0 1387 71 51
0 1561 1386 36 100 56 0 31 0 0 0 1503 37 46 42 50 0 31 0 60 6 0 0 65 1223 27 0 25 52 12
0 14 0 15 0 0 0 8 0 0 25 1254 0 0 0 28 0 0 47 0 1745 0 0 0 1487 6 25 17 0 1331
0 0 1 0 0 0 0 0 0 0 1136 1509 22 20 15 0 1379 23 31 28 23 0 1498 18 0 0 0 56 0 0
0 0 20 6 28 12 20 14 0 0 39 1270 0 24 107 21 1233 80 52 7 0 0 1 0 1451 9 10 0 14 1321
0 1631 1439 0 0 0 4 0 22 22 0 0 4 0 0 0 0 0 0 0 0 1593 0 53 7 0 0 0 8 1344
0 1292 0 20 7 0 1458 0 0 0 0 7 13 18 0 0 18 0 0 1786 1458 0 0 21 0 17 24 57 12 0
24 46 3 48 0 0 0 55 1143 37 15 35 0 0 46 23 0 66 1624 21 1252 8 12 1110 29 10 0 22 31 21
41 2 0 26 0 83 9 63 1737 54 1182 20 2 1407 4 6 0 0 33 3 0 1276 51 0 61 40 31 27 62 0
35 17 0 77 39 46 0 0 58 1298 21 1429 39 10 26 1492 1508 0 13 6 0 0 14 37 0 22 52 63 28 13
41 37 6 37 0 0 0 20 82 11 37 43 26 12 12 0 0 47 34 12 27 40 1537 22 26 2731 947 12 0 24
0 22 20 18 0 36 13 0 0 32 37 0 68 1341 67 0 0 50 45 0 1422 0 68 0 0 1 59 16 1402 1368
109 18 35 14 21 59 14 28 0 0 44 10 39 29 0 51 34 0 29 1366 74 1292 71 1366 0 1457 9 0 0 0
0 0 33 0 1337 1537 19 1068 1487 6 0 11 0 16 0 22 31 74 68 26 0 0 21 0 15 0 3 54 47 89
0 15 12 21 49 35 34 0 23 24 23 15 7 1366 23 7 79 56 1524 36 43 0 43 0 0 0 1260 36 55 1655
0 1325 0 0 25 27 23 27 28 0 0 0 0 0 20 0 1378 22 1698 0 0 1348 14 0 0 33 0 0 0 14
27 0 28 0 0 1243 68 93 0 40 31 65 23 26 24 0 40 0 0 48 0 0 1156 0 1608 25 100 0 1517 0
1404 19 52 0 0 18 17 0 58 0 14 0 0 2572 38 14 0 1 0 1565 0 61 84 39 21 78 0 0 41 34
34 1011 1248 0 0 0 16 24 0 12 0 6 19 2989 0 0 0 28 0 30 0 19 16 0 0 31 16 0 0 15
0 16 23 0 0 45 6 7 0 56 0 0 0 0 1446 0 1409 0 0 0 0 62 0 15 1444 1198 0 26 28 0
29 13 23 0 0 35 1320 1512 0 28 23 0 13 32 36 23 0 10 96 26 13 1089 0 28 7 35 0 1491 58 60
0 0 61 0 1491 17 0 29 0 0 0 0 1491 16 0 0 94 44 23 0 33 20 21 0 63 2 19 1328 0 1398
0 45 0 15 18 0 18 1470 1515 41 0 0 13 0 1523 22 0 23 32 34 0 21 0 1346 0 0 0 0 0 0
24 0 0 28 0 42 1105 0 1433 0 12 12 35 0 1545 0 0 16 34 0 0 0 0 1463 0 0 0 0 0 0
0 50 0 25 1172 8 60 28 1456 0 71 0 11 53 38 42 59 19 25 25 35 134 8 0 32 0 1412 1518 17 0
25 30 22 0 37 61 0 37 9 30 0 1336 1214 17 35 18 0 108 42 61 0 0 0 0 29 0 1490 66 0 1206
17 1446 0 37 0 0 0 29 0 1634 36 25 14 0 0 1352 47 89 45 0 32 69 15 0 39 26 1229 0 73 16
13 0 54 40 102 0 10 23 53 25 28 47 31 1462 26 55 0 35 0 20 1348 0 1528 0 36 1351 25 21 0 0
10 15 10 12 24 10 24 0 0 2765 0 0 1255 0 32 0 0 14 1432 0 0 27 0 0 0 0 0 13 0 1
35 0 0 35 0 0 0 0 15 0 1441 10 0 0 0 0 6 1469 40 1506 38 23 0 2 0 34 11 1278 0 0
0 0 0 20 16 33 0 0 47 18 0 41 0 0 34 124 0 1433 2297 23 28 0 0 1548 0 0 20 24 31 45
28 0 0 71 1509 32 67 25 0 0 1238 77 26 9 0 15 45 0 1467 11 28 20 1348 50 81 0 0 0 23 0
0 30 1332 23 0 1480 0 38 0 1440 0 0 0 0 0 8 0 0 1579 15 5 0 0 0 0 0 0 0 0 0
20 0 0 0 1480 41 14 0 0 30 0 37 55 19 1333 2634 29 21 34 4 26 9 29 65 14 39 0 0 0 95
0 0 1436 1540 40 0 0 0 1421 0 12 19 12 0 0 0 34 36 0 19 0 0 39 1477 45 0 0 12 0 0
0 0 1532 0 30 0 0 1531 0 17 1334 0 0 0 1226 14 16 0 0 0 0 0 5 0 0 9 0 0 0 26
20 32 44 0 0 12 14 12 25 1234 15 0 0 8 34 21 55 1375 78 1418 26 39 0 1278 0 39 19 42 21 50
43 15 23 52 58 0 0 33 20 18 23 1485 0 13 25 1536 0 1722 0 32 44 0 0 0 1338 19 8 66 14 33
1903 0 0 10 0 1556 7 9 0 16 35 0 0 0 17 73 24 0 0 26 29 6 13 0 0 17 1269 0 1343 18
11 0 1440 79 13 46 16 0 0 1222 38 0 0 56 21 0 0 0 23 1278 18 1677 43 0 36 35 48 53 0 20
0 0 20 2723 0 1339 0 21 10 0 0 0 0 0 0 0 0 0 0 0 1521 11 6 0 15 23 0 8 21 17
0 31 0 19 0 1458 0 22 0 0 19 1235 0 0 0 89 0 8 0 17 1540 0 13 0 0 1625 32 0 0 21
0 0 30 20 69 25 13 26 0 30 1107 30 0 65 0 0 8 0 19 97 1639 68 2766 44 0 10 46 22 2 8
0 0 1862 0 0 44 0 0 0 1252 0 0 28 0 1428 7 0 13 0 50 12 0 0 23 0 0 0 0 1097 0
0 21 0 0 27 0 0 1553 15 2968 26 24 0 0 0 0 5 0 8 11 0 0 0 0 21 1264 0 0 50 0
7 6 0 0 28 0 0 1437 41 0 3 1308 14 0 0 0 0 0 0 32 0 0 24 0 1487 0 1524 0 0 26
47 0 36 16 0 30 56 0 17 13 1587 44 1111 0 81 0 94 27 23 1302 67 0 0 0 9 0 27 0 18 1641
1 1208 1291 0 7 17 4 1336 0 43 0 0 0 0 34 0 85 21 12 33 24 3 21 0 0 1399 61 9 0 0
25 32 0 36 0 20 50 1429 7 0 3 23 49 37 1352 41 0 66 38 12 33 0 0 43 46 1301 52 0 1250 14
0 47 0 4 1539 53 0 0 36 15 86 41 0 44 4 0 7 21 1282 0 33 26 1299 0 0 1380 47 45 0 0
0 36 1105 47 0 143 55 1668 0 27 0 0 22 0 0 11 23 37 14 14 0 13 1430 29 1435 0 0 108 15 0
7 101 51 0 19 15 32 48 1425 130 0 0 22 14 0 34 0 1600 2353 27 16 0 21 11 0 0 26 7 13 0
0 6 0 21 0 0 0 0 0 0 21 0 0 33 0 3 0 21 1463 0 0 2 0 0 0 41 1397 2949 0 0
0 0 21 0 0 43 0 12 5 21 0 0 0 26 29 0 1534 6 0 0 0 8 63 22 3192 0 0 11 0 1525
18 43 11 12 10 21 34 31 25 9 9 34 21 0 0 15 29 19 34 1407 36 1206 54 36 1582 1160 0 42 6 5
0 0 61 67 29 1484 34 42 57 22 1314 0 12 22 32 30 17 1343 0 42 0 48 63 65 81 1132 20 17 0 0
62 16 0 4 0 24 51 28 0 2983 45 0 1452 23 27 17 15 0 0 7 67 69 0 1262 18 59 35 0 29 31
