120 50
6.807092398925264 16.383145912032443
0.2981504399407353 24.79401845206438
1.7029508274216099 19.923876613132876
10.630729189899137 20.096291624743593
17.622906365588893 18.199773586115427
10.474849649756294 5.029335133075513
27.887461400376793 9.279667008463925
25.792111881139064 3.9996543964193854
21.966531428228777 29.08757850142465
17.787238638342135 5.37722203562502
19.122560595999357 10.374593338540976
21.881167040478374 29.025840412479724
21.086497728240516 15.741345298708001
24.29384231265476 0.25039592610327177
24.80472084348856 23.456449958757897
12.024558090004332 16.89293914041621
29.638013412058662 10.399344929577188
24.313714025048434 17.146513729059162
21.991648340326567 6.122087250576692
11.94923603855122 15.013972212074691
8.357692493666013 15.776336647450798
3.1673554250808342 15.780881208640494
20.976580043063638 5.524183576138272
29.026682379060528 15.641083488750402
21.37775425088359 2.790104908778537
11.572408844390154 28.94371681759743
4.689545137555436 9.021436783184466
23.477568080843945 4.355150346089964
3.751784173452756 14.916130865972594
17.521481685627098 24.161173694045115
7.679145596163033 7.619181862639508
21.96669938858717 8.83142056948338
19.41404894825396 19.157209022398376
4.633791061506253 25.519733896419346
11.713077042691971 13.260145236316022
18.860289907718 11.161329352859076
23.28640790873777 16.710257640489868
7.230524876650706 16.842603738170283
25.720591670705698 23.09496963808031
19.401033444009464 15.16473366373688
10.39914128031909 25.144419984569357
25.20188608263782 10.479863940172997
3.494441947523732 5.016833577171935
11.625968407518402 15.312180771859953
20.289778078942494 19.800490469142108
15.388132284469076 9.918359416254642
1.67288141887468 24.913297778773458
19.777294143428136 13.117850559847074
0.10774668297144796 12.380463128276292
7.247647398934809 24.625987346954386
0 1 1 0 0 1 0 0 1 0 1 1 1 1 0 0 0 1 0 1 0 0 0 0 1 0 0 0 0 0 0 0 0 0 1 1 0 0 0 0 1 0 1 0 1 0 0 0 1 0 0 1 0 0 0 1 0 0 0 1 0 0 1 0 0 1 0 0 0 1 1 0 1 0 0 0 0 0 0 0 0 1 0 1 0 1 1 0 0 0 1 1 0 1 0 0 0 0 0 0 0 1 0 1 0 0 0 0 0 0 0 0 0 0 0 1 1 0 1 0
0 0 0 0 0 36.30744643283376 0 36.06068384593139 24.236510116387954 0 0 25.414068115727247 1300.8684947267345 0 0 19.489718214640778 22.659873302374436 0 0 0 0 0 0 0 0 0 1.0672233775730682 33.84892758067642 0 0 0 13.512812972489877 0 1328.0206233956128 0 0 0 0 0 0 23.97137279823414 0 0 1381.2584674572713 0 28.74957875477138 0 1729.8272916073133 0 0
0 0 59.4800775488186 0 0 0 0 0 15.337537014642674 1269.664402765106 1686.2529712184448 18.97435177969327 31.622343557014503 1238.1139603677161 26.678389420556158 34.535857649934556 0 1609.0422663020963 0 38.79617525408993 0 0 17.39361833665992 0 0 0 26.39978621698394 22.173258347665044 0 0 12.541865761769051 66.42962268706958 0 0 0 54.73827524880047 22.629395288110675 29.409758909141345 0 34.44382682458995 18.57088304110069 0 16.486994746967742 0 0 52.794638511444305 28.630480985289637 0 30.359734509538782 16.25029410363109
34.04361766412612 41.23599689826262 0 0 0 0 0 0 63.37508437751872 0 0 1446.7510487197962 26.67643447619142 0 0 0 11.12007078980429 0 0 10.972424133621857 1450.8451486730346 26.0829005302062 30.03817811376463 17.248735783766957 0 23.582826488192435 0 6.559170965008665 0.15543673085396748 45.17779322226034 0 0 25.665479776997717 12.600341518379418 0 0 18.52353864747488 1414.7178592777486 1289.694442296175 39.11561424798407 83.97022812443856 0 0 0 0 0 22.612271531824707 42.54797191508878 25.92279073711204 21.494941104721523
0 13.007833918097125 0 0 0 0 1499.8580634736215 0 0 0 1560.6261717334928 3.0818078801199604 0 1611.080286859235 0 0 0 0 4.181242753986128 0 12.535645005137964 0 0 0 24.21437380435207 0 0 0 25.513970715148865 0 24.834635775077004 0 23.895801813609125 7.3925973594372065 1161.8193079200798 0 0 0 0 0 0 0 0 0 0 0 0 0 0 0
0 9.344455955600216 0 0 11.624109729716324 17.066259622999738 0 0 14.176089665648103 18.181200230336763 15.464156868715586 0 0 0 1428.5621904520135 1434.0063267300095 0 0 0 0 0 0 0 30.22219243929551 9.071412392874972 1410.718260732291 0 0 0 0 0 0 0 0 0 1328.7838100363535 0 8.900682957058184 7.340205261034213 2.251721374688657 0 0 0 17.791588279750915 0 0 16.816568107539577 0 0 11.268107050561184
28.748700573905236 51.83365873613957 12.149049249433315 0 0 5.72808055639403 0 7.508528250937223 18.547147477356532 0 32.87753513108693 21.97084561171203 1387.5453285401707 0 0 1453.4401559904045 0 0 0 0 0 38.35276488990402 0 0 37.20049338817544 64.21106667857563 0 25.027966614112085 0 26.335138164747136 0 0 0 65.40909656844953 0 10.010133520264127 22.166083059557373 21.821530147227953 1335.6995010352518 1519.0180526423808 0 0 0 34.20776017475573 0 0 39.28210330561511 33.88545844458673 0 16.559579299558123
0 0 0 0 4.942070094537703 0 0 0 0 0.41784730058438235 0 0 0 0 0 24.091983675238296 0 2970.0013458878757 32.19988137700963 0 0 0 0 14.227160815901918 1357.474629861226 0 0 0 0 0 0 22.797171905916134 0 0 10.248312357219806 0 0 0 0 23.5704309953283 0 0 0 0 0 63.16652975733753 1194.467684350501 0 0 0
0 0 0 1550.5721075960575 0 3.8933511409273116 0 20.69439963950062 0 15.651076567924106 0 16.956482307759693 0 0 0 0 0 0 0 0 0 0 0 0 0 0 0 20.180464482237795 1449.7065814238822 0 0 0 0 0 20.878448517490146 0 0 0 0 0 1550.0027493543932 4.772243126501941 0 0 0 0 0 0 8.592446792440185 1355.8376835553559
25.920144847506783 0 0 30.26408964415145 10.2745106268673 0 0 13.016471736716866 1590.7391805542131 0 0 1229.3324060051398 20.198763827361184 0 1564.0457902658866 0 0 26.01644423381623 0 71.86898842734092 30.926097650937884 0 13.93173977678737 29.963606882763763 0 0 0 89.90982659653646 0 0 0 0 31.191878081073206 0 41.1283358546553 0 1546.1139432187315 0 58.648808924888904 0 0 0 0 13.596904468693175 17.71828471892537 0 28.40615688863823 22.859321621869714 19.016078536482134 0
0 0 0 0 0 0 0 5.44125461845303 0 0 0 2891.947616141984 0 0 9.43497162074259 28.49500648475173 1525.932419460309 0 23.184111804499327 0 1312.990040569101 13.065108327550995 5.403986462783472 9.01000664998718 0 0 0 0 0 16.71173229794216 0 0 6.59894030949347 0 42.124950000666075 16.99699981219818 0 0 30.31375669120859 0 0 0 0 0 0 0 20.176690510056773 8.90719322552636 0 0
34.478475718428136 67.14266659714545 0 1308.0795772149281 0 54.5574790155093 0 10.045827471115924 50.299415068624384 1323.0020889323757 0 3.5614196498865613 22.467470665373384 13.013980075047392 0 0 26.955856732845724 23.971331193777914 0 0 0 1.1025032696425257 0 0 23.033378973462483 28.164148600575054 0 1432.8772519228637 15.825682339408353 65.10753791878695 1283.6796679456809 0 12.549961505620654 27.030991495492525 55.848956716128086 0 0 0 0 0 0 35.969529430653054 22.12279604637721 0 27.63607785900527 24.91495322144923 0 0 24.81010580777285 0
20.745350255103148 0 0 3.437711882632289 14.571363529553752 0 19.421844561416343 0 65.55733387920375 11.304978934490826 1323.0679396697108 38.46864634695413 29.607289679064323 0 23.148897892565227 23.975408918735695 0 0 0 0 17.556052833727108 0 0 19.901487098306475 20.055987994218587 52.21422777771631 0 24.61671113140128 0 0 0 0 56.75379389090779 0 0 0 26.08812226712785 0 0 0 12.846008916413812 1155.932712106323 1392.8959868663123 24.747443403918588 26.76700369343819 1703.6074226277706 0 37.56789516621944 8.140864111254082 0
26.354577450774364 15.32689348241857 0 18.521785623285137 48.89680555027884 0 14.818756642164331 0 0 6.636700578874052 0 0 12.002417092670322 0 0 0 17.008348077756736 1336.0419333371153 1505.4093416288338 14.293153510150717 21.546685135341114 19.702982623978254 41.82961954932671 0 64.67456429036747 0 39.867543844876444 99.78880667666755 14.611998699713013 0 18.86358109009143 25.605154370303392 0 0 11.07553751233765 1278.8104287651572 38.30095458801523 0 1245.4245031293383 0 3.7368379075817906 31.231837914822712 11.07079073264814 0 24.802202301261772 0 28.16401989035518 0 19.31584368431394 0
7.048483987783321 17.697625605958635 0 25.174514184818644 1363.6205567354666 17.52624493324219 0 23.954767460110602 23.067583193929988 0 14.928061865549665 0 1579.8286615162492 0 0 0 0 0 1392.4207605779482 1506.9935519199546 20.660329027792177 0 0 24.71193748381494 0 0 9.638758655330204 0 12.61123155246504 0 39.61128375509158 0 77.96011589523658 0 0 0 62.74322097855127 0 0 30.40018984146942 23.097812829990186 42.49561626344696 21.20680611106036 0 10.502621132185197 0 35.36647533449674 0 0 0
1613.2519425557348 0 0 11.2345992403067 0 0 0 0 2.8306720915961474 38.15338486787554 0 0 0 31.005435707876025 0 1480.2522544097426 0 12.680766059372473 0 0 0 0 0 1253.6742305721539 0 1510.3896357381425 0 0 0 0 0 24.785742216841868 0 0 0 13.406710332016756 0 34.51898873580387 0 0 0 0 0 0 0 0 3.9670962173533617 27.974815103358885 13.948728286761018 20.532770367306007
0 0 1439.7251181056283 25.404038920177882 16.174052903342893 0 23.772224696031095 0 0 0 0 0 0 0 0 0 0 0 0 0 0 0 28.55682256151654 1426.2412894537642 0 0 34.801726101142265 41.73542503394524 10.32902641524944 0 22.20718009914203 0 0 0 13.802842879497819 0 0 0 0 0 18.429738524588387 1358.1627769796721 0 1488.7871914586283 0 0 19.543415497168354 0 0 0
0 1673.9292623264832 16.41776684684711 24.10656941070144 0 0 1330.959778262811 0 30.936319909982934 1411.6745665582425 17.959720117508162 0 14.839858415001588 0 21.5980283241112 21.698854703351437 0 0 1489.031989056734 0 19.03676847907114 0 0 0 0 0 21.87407708322965 0 0 0 0 0 0 11.192152438803728 0 0 0 0 0 14.191205649560525 22.22860307975773 0 27.390475068457484 0 0 40.90514777865893 44.38988498400411 13.596490275108481 0 42.613329699483494
1257.7443348178997 0 25.07539798761738 0 9.805030924215984 0 0 0 0 0 18.11233216633612 0 0 33.69937838616174 0 11.486697056854592 0 16.145396437073295 0 14.137236709757797 0 31.47478017318226 0 0 0 0 0 0 0 0 0 19.07233187937511 0 0 0 0 18.76065239898013 0 0 0 0 0 18.059239064025636 1696.7198305290215 0 17.489791550733848 1406.4321485976147 9.141069883396513 29.073360302043216 1476.3496586159968
0 0 0 0 0 0 0 19.45980080321629 0 0 0 0 30.436440315885275 0 0 28.896858946066445 34.4346677813687 0 0 0 0 39.715959161320995 0 0 18.27020734125276 0 0 0 28.39605314348795 13.045664566781259 14.725940728654841 0 0 0 1668.9937112053349 24.351500319799115 0 0 9.675926920106066 1263.586691348584 0 29.913633387702887 0 0 0 0 1326.3952097340475 0 0 1384.0774629074056
1265.055978434307 36.77404206500593 0 0 27.448645561781014 14.533876906989516 1590.4917389967325 0 1.5142637085808666 19.267669341893576 0 0 0 16.725172507684128 81.62062766716556 0 12.099194014800858 0 0 0 14.038256644806044 0 0 0 0 0 1533.119078153944 0 0 0 0 16.71399833713282 1544.141743869419 18.569768395783303 26.989311205334136 29.327559749354418 0 0 0 34.70690105856983 33.53750603982621 18.007676251624076 0 0 54.53102754190955 0 0 0 32.50057256638367 0
0 0 1839.0214267643864 30.455903871308685 32.20462464478362 0 0 0 0 0 0 0 0 0 0 0 0 0 0 1217.33700242184 0 15.479030815352614 0 0 39.23048040737324 0 6.829409070712771 1287.38494547163 0 1401.5038991265067 27.360995441683464 0 0 0 0 0 26.201842782926455 0 0 17.787880259610972 8.04607633239796 0 14.63989266604367 0 0 0 0 0 0 0
1551.2545032952462 0 8.264409691917919 0 0 0 0 0 0 0 1391.267798703871 0 0 0 8.38947340268412 0 6.222886576098809 0 0 0 0 1587.6684812407786 0 1204.7509208453648 0 6.145119999888934 15.868133101055669 4.949554190063413 0 9.326311086521851 14.616121756994975 0 0 0 22.261968490281134 0 0 13.681898299773867 19.091378432549966 0 0 0 0 0 0 0 20.395818013641136 9.307737057655551 0 0
0 28.51409966489129 0 0 8.712231241488954 0 0 0 0 0 0 28.76498268394269 0 0 0 17.76134289608459 8.53479225359182 0 0 0 1804.151793522808 7.29307366459977 35.60056496998406 0 0 0 0 0 0 1394.0796899998854 0 23.88186244494939 0 1590.5481527200934 25.187997615584294 16.281353889192772 0 17.45269270271646 0 0 0 2.1802224669326176 0 0 0 0 0 1141.3072086953769 0 0
0 0 0 0 0 0 0 0 0 29.915960397949938 0 0 0 0 1507.8667273370402 0 0 0 0 1692.4436956388479 0 0 0 0 0 17.727767193280723 9.663535781415987 0 0 1275.7660921744166 0 0 0 0 0 0 1586.935062518372 0 0 0 0 0 0 0 0 0 0 0 0 25.550838862042053
0 0 0 9.448640637269275 0 0 0 22.44305064776878 0 0 0 7.251034376842796 1295.7444234553595 27.860971125124813 65.30561904530522 0 0 1529.9789211681705 47.411377766781655 0 0 50.23450356463371 1535.9788604851922 0 0 28.04784217818948 0 0 11.391395208764054 32.5402043864367 6.630265417211966 9.22240643765278 10.642222965816998 0 0 0 0 0 0 14.963193052141026 0 9.420488535505973 32.652293382999034 0 1520.1810579425317 29.066696313134475 27.679172018820697 0 0 32.82927310816391
0 39.514033362405726 0 0 0 0 0 0 0 0 13.05462545750779 14.01562013867486 1413.9573193587782 0 0 0 7.588947434327416 0 1770.5274523138676 20.499089265746832 0 0 38.71965098047154 0 0 0 1135.6990489368588 14.529769125265242 38.85184157450917 0 16.66236396845472 0 36.48980289036004 0 15.34808182695266 0 0 0 16.32262681503351 17.326819442163934 0 1484.8860123891263 0 0 0 0 21.223575852697905 0 26.38911939587048 20.262377805377938
0 0 23.230657503925585 0 0 0 1254.604523040333 0 14.362822580538811 0 16.829043442696637 0 14.925431865189832 0 0 0 0 0 0 0 1582.4911738017663 0 10.158515516152118 0 0 0 27.44091877355183 0 9.24723966109569 28.33607997469085 25.66579291284245 0 1342.970003486113 1143.1073644885428 0 0 18.70299134936307 0 9.659280439258835 36.35228862405791 0 0 15.862852658608885 0 0 0 0 0 39.95572710668127 16.156379459121084
0 1325.747183883761 0 0 0 0 0 0 0 20.796487930271546 0 11.319640504864324 0 0 0 0 0 0 33.12500516854142 0 0 0 24.907156276602635 0 0 0 14.384608998688227 0 1282.7576661998091 0 0 0 0 0 0 7.8904533810180215 8.165289672363865 1312.1948521593324 27.448881792497744 0 1915.1856986498 0 0 13.006530261318034 21.046263927129548 0 0 0 0 0
0 0 0 0 0 17.844819544066702 0 0 0 0 3.320450470065076 0 0 1668.0688104001804 0 21.020202866678694 0 0 32.50138008232317 1681.14718788742 0 0 0 1337.892001192575 0 0 0 0 0 0 0 14.566641351031542 0 0 0 0 0 3.604571732661215 0 0 0 0 0 19.725060913494445 1530.0971188204912 6.776832379654374 0 0 9.622570536050564 0
25.4961256403801 0 0 0 0 0 0 24.91011907559055 0 4.982607857085661 9.51296921022442 0 0 0 0 1759.745697791575 11.763258870766172 0 0 0 0 0 5.021177383620531 11.181541937682661 26.99188002377973 0 0 0 0 0 0 0 26.907165541450482 1446.4257093616939 1090.4657287483974 1652.416425163719 0 0 0 0 0 0 0 0 0 24.069331365502208 5.981787112582408 0 1.5972725680307924 0
0 0 0 0 0 0 0 3.363279023317018 0 0 12.354879451605742 0 0 1545.9830077935978 0 0 0 0 0 0 8.985873081751823 22.827692677035238 0 11.257723840331751 0 0 0 0 1634.6005211788492 0 0 0 0 0 0 9.441869969887064 0 0 0 20.062018367758533 0 0 0 1111.238021969172 23.50537962302046 0 0 29.88784515435062 1721.0396263462462 0
0 14.394993348252958 0 27.750820446230648 43.53009941521496 0 0 12.224317114078872 0 0 0 48.98380342087775 25.634464984495217 0 0 0 0 0 0 0 0 0 1488.5829738228335 0 0 0 0 1591.6427361533952 0 0 1737.8936025132577 0 0 0 0 0 6.535655360572445 0 0 0 0 0 0 1463.538642532656 0 13.494011697128755 25.996254805865924 0 0 0
0 0 0 0 0 0 0 0 5.527264199411658 0 39.30353498681839 0 0 2.402485940200229 0 15.299352134673155 18.708186414489113 0 1494.2215507507399 0 0 0 0 0 13.405635687380764 0 0 1763.0626169281752 0 0 0 0 0 0 0 1564.94308126929 0 0 0 0 0 0 0 0 0 0 0 0 1169.8649190809253 0
0 0 0 0 1340.0736068844587 34.80021148095294 0 0 0 0 0 0 0 0 1676.9997287574506 11.165412416990177 0 0 32.47388803888272 11.449979177212963 1501.8464170934662 0 0 54.033379651313254 0 0 0 0 17.21523587132727 0 24.37022608382066 0 0 0 0 0 0 32.362775467163665 23.661282607195893 36.665886259097626 0 0 38.829802662929 0 1496.064624560096 0 0 0 19.302956911531577 0
69.76191893964204 0 1178.2243297060397 29.5709061802067 13.05572031798445 0 0 0 39.99865360432507 11.891791898912821 0 16.36605696999404 0 0 42.875668947584565 1384.693190577168 0 0 0 30.90648591507307 11.452345520323732 0 0 0 0 55.568332906351884 31.662546430206707 24.16042343533043 0 0 7.354482141062352 0 0 0 0 48.4726628607337 0 0 31.271878591259433 42.59800083798135 1273.408080015953 9.549608367048846 0 0 0 58.11104123719295 0 0 30.660335604641883 1796.730291858698
0 0 25.123416993638426 0 29.38727157893592 0 25.31053953132393 0 0 0 57.90969720723747 0 27.639504969345115 16.53692446691745 3.1181357055986076 0 1687.8136147094285 0 9.741585894847212 23.340630677105572 34.3245752824204 0 20.90207398742478 0 23.100220701123984 54.72834449949393 0 0 23.989777817227676 8.500531055064332 43.330957352644106 0 29.578367690332463 0 16.149597361631464 14.069799142808144 0 0 0 1292.1186058869857 0 1309.581765051468 0 0 0 0 12.23341302750326 1358.37817020773 31.234305792771565 0
0 0 1731.3990905150656 4.080254886211689 1304.1297260695194 0 0 2.488276047728494 0 22.412528000055723 0 10.962430902662952 14.515295291861493 0 1457.4741966997578 0 14.142245769096496 0 19.73516774164504 0 0 0 0 0 0 0 0 18.612476347148505 0 0.7511176089237246 0 1269.7479792834934 42.97816934780268 0 0 9.98493992849073 0 0 0 0 0 29.93540212106081 32.594642392641816 0 0 23.867601106421198 0 29.116286137957005 25.897717169846352 23.151629342551402
8.060947619950706 0 0 0 37.86661470208704 0 0 0 0 1340.311976212135 0 0 0 16.98816419292808 0 32.20643411501371 1438.0736080339493 0 0 0 11.935092826423768 9.1717808465706 0 0 0 0 0 0 0 0 17.56530190495833 0 1716.374899514683 27.475004034056926 0 0 0 0 0 33.26689232632186 0 0 26.967396897853874 0 1775.8080374181013 0 0 0 20.9768297389156 21.321753147622367
33.39431158768233 0 0 25.615572739814194 0 0 0 18.02594988230175 18.89008623810413 0 5.293758798229662 0 1539.1522625787243 9.56349269350719 0 35.49369095439293 0 0 0 0 0 24.099815225272145 0 0 0 0 0 1426.346120518504 23.918236052392295 41.54689757396467 0 1521.134316014107 9.259638103274456 0 0 1.1402620992679076 1357.7863971390843 0 0 0 0 0 0 0 0 28.851438750827654 0 0 5.408295186335483 0
1545.9509682081282 0 0 0 0 2.8350550703599637 0 0 10.80276277294698 1356.9426431598638 0 15.955819871765932 0 1388.3138556268757 0 27.1576314156351 0 0 0 0 0 0 0 0 0 0 0 0 0 0 0 17.56130828955944 41.207296763669675 0 0 0 0 1634.7190148486031 3.5457705937237893 0 0 0 0 18.431231468625167 0 0 0 9.661167585779157 0 0
1305.8216754178268 49.253293401281915 22.39088203456554 16.73666472768906 43.96012341995241 0 0 0 10.40847312688949 14.862973146969292 30.917407533984473 23.95755467660962 24.222548041517832 1585.21899349717 1323.5873523975843 0 0 0 29.024212884089437 0 17.953544233920514 36.56526363409255 0 0 37.298848381405094 0 32.71276043245305 0 23.5698766094109 34.38604972176255 39.7299483934329 0 0 27.163253667501266 0 20.659843922220595 0 0 0 0 38.35913146316542 0.02091525060142807 18.181672695763673 1528.6763411516965 0 23.6300250541432 48.45507081783357 24.54727486322222 0 0
0 0 0 1450.9793685773202 0 0 0 1438.3589956114179 0 18.25971640898033 33.03610160005173 0 0 0 0 0 0 0 0 0 0 0 0 23.584352421323686 0 1618.9746367785178 0 0 20.92308672026198 0 0 24.483593713952303 0 1.1224603060633207 0 0 0 0 0 32.44520175787723 0 0 10.296424868827554 0 0 0 0 0 0 1489.4574215451278
0 17.410531276791293 13.116910112478239 0 19.030707227816617 0 12.625872937744957 0 0 17.046963133760045 26.817142394850997 0 0 74.6947084651926 4226.786825374953 0 0 0 25.907214120536878 0 34.85628369231148 0 0 0 18.765458854128266 0 0 60.27688903134343 0 0 0 0 0 49.98724417493661 3.532423907637252 0 16.15188038521164 0 0 59.59531234076913 0 24.528280969910348 1533.9702357678507 0 0 56.88307016492053 0 0 19.45332251899232 0
7.658749995926563 0 20.75409014834598 8.555904790207796 0 0 0 0 0 0 23.63164515900755 0 0 23.303514427699152 0 0 0 0 0 0 33.569791653268766 0 1832.9929143130792 16.562223405755002 0 21.78281875508022 0 0 0 13.898569033825709 1506.6127686695158 1478.2781613941434 26.60945740217405 0 16.116189792585025 0 2.504131575826845 0 0 0 0 5.070438934031085 1440.6343802093784 0 10.018017590780183 23.937105703898496 9.861165529148556 0 17.814936845450244 0
29.017621119372137 35.59770702506354 0 0 0 26.109012227859417 0 20.34442741249217 15.342606940348915 0 41.70786012826824 29.481835933917232 12.688806018038122 0 0 0 7.550134163048657 47.93967987002246 28.567792741338003 0 0 42.28800018152208 13.121853306269628 5.096535857834194 1453.0684185734185 28.394174488828185 3005.1664348114946 24.55702455492261 0 22.85544924567053 0 39.7103574070191 1302.5662664503361 0 13.079508686580045 58.184016580702036 30.32692358877615 18.690636081402225 23.799871016462188 0 28.456936172910332 0 15.54477483453527 0 29.65210233027609 0 0 9.490375861846765 0 0
0 0 0 0 0 18.29579582099388 0 16.57580492534636 0 0 0 0 0 0 0 1630.8140514373847 0 11.412122950050332 27.13115940528067 0 8.675168083532464 0 18.29792742979063 29.914930585755513 0 1219.9355624664502 0 0 0 4.90104959572626 0 1473.260172042081 0 0 8.498584898408119 0 0 0 0 0 0 1491.6723671785992 0 0 0 2.360169237367595 0 0 0 0
0 0 0 0 0 0.43437528411467596 0 0 1722.560630704585 0 0 1346.3299967541536 0 0 6.415378721876378 14.31264226831012 40.006589568910094 0 25.23129982601153 0 20.95191973661757 0 26.113359642721313 0 0 0 1560.3190650695722 0 1.9227118516297068 18.976275010778412 0 26.611097594795226 0 0 0 0 0 32.402197493024495 1183.6258241819367 0 0 0 0 17.98813984202645 0 0 0 0 0 0
1336.6999075165297 0 0 0 0 0 0 1331.4402362290239 0 1497.1520705688433 0 0 0 18.54964281207768 0 39.300816844235456 39.64483404123817 15.41529083246996 9.469839720726053 22.66424241190292 25.757236446933646 0 0 0 0 44.16937274362149 0 0 0 11.625199690303415 1486.5200345148876 0 0 0 23.99420640354525 0 0 19.69781524510997 0 21.565870883718755 7.237745594037973 7.370029111668108 0 0 0 0 0 0 0 0
82.44324743586397 0 24.487738627711508 1261.0828692410155 22.741312912636467 41.802899660588096 14.961913288876367 8.146314876866978 34.579650618743436 0 0 50.46837615312189 30.62776846952474 0 1237.8035801334795 0 0 0 21.771396723642347 0 1429.2288990326342 0 0 24.91247909609905 0 33.683849635176585 0 0 0 25.56200277396367 21.617870733515584 0 0 22.361098637417058 0 0 28.92681486929853 0 0 0 0 23.091675060427473 39.53523710471154 17.23984109296392 29.16208364225995 0 0 1255.4512676671022 31.133146501953775 43.37097887179098
0 0 0 0 0 1575.7275875935861 0 26.969243515494277 1162.6253754083496 10.044842561066186 0 0 8.979379110152196 12.529158772203008 0 0 0 9.775244351535704 0 36.67140950406654 16.858325577185507 0 1619.2746677968823 16.078090860927475 0 11.921195092873127 0 0 0 0 40.35142924053599 0 16.336089847775135 0 0 0 0 0 0 0 15.190485422133344 0 28.645462795528637 0 1424.1444050429009 0 25.55864528492654 0 0 0
30.116503365882217 18.20966489608082 16.06298467128751 0 4.15626294823549 0 17.73298406454569 0 0 0 67.0711653290385 0 0 0 10.460837786681125 0 0 0 23.4827680825839 0 0 0 0 10.626661202718093 20.915605645807126 0 0 0 0 1561.297600304362 1488.0463840733457 24.099944013917963 0 0 0 0 0 0 0 0 0 0 12.353365627594618 0 1267.551872964014 0 1485.0749615900845 0 24.497096822847407 0
10.369569328908561 32.503525288315494 1519.1256587752268 0 0 0 41.92989745264539 57.02294431610322 0 718.1421545988599 0 0 0 0 5.779838871965335 0 0 0 12.783397456006261 0 18.423180839729817 0 21.36715168199079 0 19.622348117300398 22.86093130177813 35.56527183386074 0 30.23934780818337 0 0 0 69.25267963605847 0 3.140656569854439 27.664151370499987 20.618359348736128 10.718412257559194 59.109622796785274 57.399670028713174 1554.3669382134885 1602.3404182980041 16.66710918113062 0 29.394188881471237 0 51.07581009999795 0 29.84894021184691 49.91719030099737
0 13.84912629282115 0 29.438034789275573 0 0 0 0 0 1503.4133231211238 0 1625.6001654049487 11.186570038999402 23.905277461373043 2.879104771441627 0 0 0 0 0 0 0 1395.4885510633112 0 0 0 0 0 0 0 0 0 16.800053376914267 0 0 0 12.26537951415326 0 0 0 0 0 0 0 0 0 1591.926916375965 0 18.186507035127836 29.526594732709846
0 23.940979884241543 0 0 0 0 14.60050315764467 0 0 0 16.16072636933818 0 0 0 1458.8636496571808 1543.4065577317579 0 26.244375156847614 31.303532615695143 0 0 0 0 0 0 0 0 0 0 0 1317.9135176818763 0 0 0 0 0 0 0 0 0 1507.2396710475846 13.245549894775234 0 23.276923383099476 0 0 0 0 0 0
0 0 1472.8503314965203 0 0 0 0 0 0 1333.9009579925216 13.125875476618944 0 0 34.96588423165179 0 0 0 6.778384516609448 15.942365793477272 1466.5670548798398 0 0 0 0 0 42.89510824019981 5.089861336500572 0 0 0 0 0 0 0 9.403519079779945 53.32933156051739 0 0 0 0 5.360496755943036 0 0 0 0 1548.1794623326248 23.860462821237235 0 11.166517699968486 0
0 0 31.9748029792711 19.86760342872254 0 35.0351879552184 1434.6380936810533 0 31.88816707302775 0 27.093151126163775 0 25.74113607864801 0 0 26.45817059635764 0 0 0 1267.6376341920472 52.621401024387 1268.2538240641845 0 24.181738350124743 55.037844112812536 28.242264027059907 0 22.352828957958252 23.180261138592478 0 0 0 0 62.94521157731407 0 33.180164199742435 1755.7254451949655 27.506818421254952 37.65845500790764 23.078823882204578 36.04248963153967 35.53868493301085 0 50.33737542720214 0 0 0 16.641077895919242 41.71101478066056 45.22099971555035
1397.3903700434053 0 9.827040559195327 32.51863359128397 0.7602175161761355 0 0 0 0 0 1546.157880199061 1490.7385846012364 0 0 0 0 27.32135009692814 0 26.9086074177436 25.52732668168165 0 0 0 0 24.88302889276369 0 0 11.614555968193441 5.347357873217582 0 1441.2580142099084 18.95340345227117 0 0 11.369750215071292 1.1561665973044484 0 0 8.07778583949949 0 0 28.90598545799683 11.72592105964603 21.226133571130617 26.173241115768136 0 0 15.877579473296285 0 9.11370006437417
0 0 0 0 0 0 21.711607540312272 24.3220174015264 0 0 0 38.988912089764966 0 0 0 0 0 1539.1675739024815 0 0 0 0 23.236310436387235 0 0 0 0 0 0 0 0 0 0 0 10.734693614601785 0 0 21.940430343488302 0 1677.3971379011393 0 1549.7788393253456 0 0 0 0 1365.3497789140295 0 0 0
0 0 0 1552.6146581886271 0 0 0 20.85559858485503 8.229981128171762 0 5.773522553822236 0 0 0 19.66356845930278 0 0 1712.7328803965802 0 0 0 10.146114679798774 1573.37353005602 0 0 15.118250109115966 0 0 0 13.942373026337162 0 0 7.996410108613001 0 0 0 0 0 0 0 0 22.749089524058412 0 0 0 0 0 0 1353.2200610714508 0
0 0 53.20995908535774 0 5.495829795051527 0 0 24.596572669421807 0 11.935880344449563 0 16.39651281155554 0 20.90973685458085 40.87953646350383 24.69087623707575 18.545121829953167 0 0 22.00260760507577 22.755626610913165 1513.1255174205244 48.017217685243395 0 0 10.9259591456364 0 1443.8551586479741 57.20496304276416 0 0 14.579681191588243 29.39758445833522 0 0 27.266404957197786 0 0 25.839992472349916 31.11183393241562 1251.9814428240484 14.10399437808864 20.21072095642689 101.01061212124715 0 0 1534.7377518885676 0 0 18.55898261118036
0 0 13.473721018278175 0 0 0 0 0 1360.0469522664932 24.6614371451455 30.61830896666668 0 0 0 0 0 26.331840829110565 0 0 0 1762.6554242426948 6.918888151320813 0 18.124121441437083 12.934153227351434 16.923771491898776 35.88183102109642 0 13.747661617421853 0 0 38.285654874990875 1483.162362880582 0 1576.5137237375443 0 0 25.737320166365983 0 0 0 0 13.532815513939122 24.40147896497299 0 0 7.0613461684069465 0 0 0
18.23501191162109 21.676075512940614 0 3039.9761252202566 0 0 0 5.893449148237851 28.781079543708966 28.242447522696878 0 1477.400018197459 0 0 0 0 13.5190372230906 0 39.26397108881427 0 0 41.784197105683624 11.10466386673495 6.492493882306304 6.891304394077155 0 24.75144155283769 0 22.487556284694197 0 34.69194438300039 0 16.077803471358518 0 0 23.3791145910458 10.528578133342195 3.5616677039409375 0 0 0 21.781322945094388 26.500666780016473 15.043683418402386 0 0 1197.2563830158722 0 0 16.355931140252306
0 22.70742221030764 21.558133486571965 0 18.618879530097463 0 10.631705252692026 0 2.2963997349128658 17.30710666091517 0 0 0 48.400068488808635 0 40.860879570753625 105.90005900681555 47.30469234370987 25.17840716080858 0 0 0 12.142946584942555 1574.5578530587486 2.0519807835990544 33.72808886542802 10.214146653817604 71.97073830294147 28.074710712183116 1371.274212712785 50.358596920992696 0 22.380063137164623 1417.260727270006 28.89052519911326 0 48.33290294983118 0 10.55380459810457 0 0 1137.9261955107356 0 0 0 29.600680595185842 27.539959154478474 0 0 7.650345639385198
0 0 0 16.719518648742618 0 0 0 0 0 16.577720020252766 0 18.330832813586483 20.28221721112638 0 0 14.09183225780879 0 18.806209737919183 0 0 0 12.918790931795334 32.96889615585113 18.777790453031876 5.9274310137048865 0 13.139558851237865 0 0 0 0 1736.7491503784872 0 0 33.105515514549566 16.4030254859616 24.023971004487137 0 16.463114624593604 0 0 0 1426.2621830213018 0 46.125788314850666 0 1480.4586806701632 1222.6887539401835 0 18.21685229345094
0 0 0 7.190385593975902 0 0 0 0 0 0 22.485357303945577 0 0 0 17.265389506254877 0 4.760073852774305 0 0 0 39.83840232265813 0 0 1497.4560748177819 0 0 24.034732081138102 14.76961888893172 0 0 0 27.032763190238306 1355.8685051046182 0 0 0 0 0 0 21.109597590092918 1373.033696586206 0 1588.037025770494 0 0 0 0 25.783269530590395 0 0
29.945037550316275 0 0 27.59421363511367 28.934665092598188 1498.0036363366726 0 0 0 0 0 39.49131487494105 23.043191756341876 78.49954628320558 40.034956973244704 0 11.658106865445735 29.788612176087476 0 19.30433157221907 37.40676581617986 1461.9540701034248 0 55.12367506596127 0 0 20.93937279122264 28.402509441319467 45.030410578022924 39.63463770670127 0 30.461726566085538 0 35.61722141242129 0 0 0 0 0 0 1249.526746152294 1497.961910406053 0 20.959604867413336 11.18685581576024 7.642734240032702 14.702450148798786 0 0 0
0 0 4.1589251647394025 0 0 0 1.577739640226616 0 0 0 0 0 23.97675398979415 31.097547052314177 0 1232.7594508778343 0 1334.2366067397725 0 0 9.539253670673682 12.053484412031127 0 0 0 0 17.158689646790222 0 0 15.59565637817452 0 0 0 0.2324754138474976 0 12.803761082781222 0 0 5.669744499497435 0 0 0 0 0 1908.585975138713 0 14.753839210279564 0 1505.5792099053867 14.849450680153641
0 0 7.866496110362337 32.61902323266339 0 0 1381.9110350966737 32.5838650096828 0 10.479595720857038 21.76329096236334 0 0 38.45563139041501 1173.390507455826 0 26.874359360264442 15.940681160026507 0 0 28.302120419860273 18.324148789779116 0 0 0 0 0 0 0.5990579481949361 4.899555389639792 0 0 0 1570.822612875275 0 0 0 0 0 0 0 29.575576556145645 0 16.040715241476306 0 0 0 0 0 1781.8776861789042
0 0 0 0 1857.8485162279094 0 0 0 0 0 0 27.251194705153484 0 0 0 0 0 0 0 0 1525.9081136164066 0 0 0 0 0 0 0 0 1432.2681349228992 0 0 0 0 0 0 0 29.817763364821303 0 0 0 21.657523302091743 1377.2254347799133 0 10.80841852816327 0 0 0 0 0
40.86845753742821 11.720794008802349 2599.6969650649025 0 1228.9623985258208 45.08960535462225 0 0 0 0 0 0 29.094847587862976 0 26.303394438477536 34.42965139828763 25.18783679609235 0 0 35.98378406685045 0 0 0 0 24.207203119978374 27.047723586102606 0 18.061985527763408 0 0 66.26511250525553 1546.7574097852034 67.54608225616127 0 15.434371428864214 0 0 6.781045778888615 11.886499273959918 14.902135022625336 0 0 0 45.47125410717845 17.52855130872628 0 0 0 31.525616714755586 25.890434199584117
0 0 22.10934515857556 16.571899888755258 0 0 0 12.242362146884576 17.94903947877525 1314.7439518417361 0 16.185471187985076 0 0 37.56277502371208 0 11.778990823635318 51.92474973325691 0 0 25.692457710929972 13.813014338194412 34.7584597918419 0 5.505824606602811 0 25.216641436598923 0 1537.269583922038 25.055417421842396 0 1178.2482084772403 0 25.296691032299698 59.20122463129874 0 0 23.707390607774645 44.895553409219055 0 0 48.81951108301999 0 27.106774117313464 29.617450690605125 1459.9054605799543 0 22.846252778078647 85.45906965866487 0
0 0 0 0 20.32711243581428 0 0 0 5.556908735643232 0 0 0 1585.5464802298125 0 32.292060684098 9.0786165169302 19.555591447421143 0 0 0 19.14162877718701 0 0 1552.7010183695295 0 7.473575927574333 3.985504726309216 0 1313.6364924868747 0 15.978313542601049 0 0 0 1424.0377206451046 0 0 0 8.62152169107986 0 0 0 0 0 10.950433835203459 18.77802200419695 24.65994580735837 0 0 0
27.625967806618316 1698.7908805111085 0 40.930159141239265 0 0 0 0 0 12.27809655703453 1314.619961196272 0 0 0 16.07740742286843 19.494762100092498 19.543276764583684 0 0 16.31799805311401 0 0 6.957022163535047 1412.8983613084674 14.63180341398169 1351.8831666780543 28.756105202550017 45.69674404427025 0 31.36199668515968 32.15466325189967 0 25.55143814089534 0 49.0093594235853 32.347363687469255 0 30.63608831601343 25.986896815461417 40.35913741308779 0 0 57.28660194992778 0 28.675664156438273 0 0 26.933323062342897 27.049232831243216 38.841655072954225
0 0 0 15.439573326245496 0 0 40.748130425749295 0 0 0 0 21.512030409569583 0 3.530505256973573 0 0 0 0 0 0 0 0 0 44.66218828954442 0 17.78483249255368 0 9.076464676697753 0 8.717883504128533 1645.0637628838049 0 33.75813231716364 0 34.82220024961825 0 1543.9493060314512 0 1233.780557550997 0 0 20.097099763537354 0 1890.4859949749707 0 0 27.600086455621387 4.829910124157591 0 0
0 7.4896693090905755 0 19.759009008511818 0 0 0 1870.9259232201293 0 0 0 1509.7910036274775 0 10.068156350498707 15.65624264835833 0 0 0 0 0 0 19.52749242811023 0 0 0 0 24.56903031835605 0 0 0 9.26708292318683 0 0 0 0 0 0 0 0 0 0 0 1504.918148383302 0 0 0 0 18.61415621890316 1319.8827997299375 0
0 0 0 1799.4705932392035 0 9.385492648923151 1433.2844021211097 18.38433433138669 0 0 10.67658498957677 0 24.62086923973539 0 0 0 0 0 0 0 0 0 0 0 18.463256773527064 0 0 0 0 0 0 0 0 0 16.435734917976383 0 7.214168789357112 0 0 1620.5470717468497 0 0 0 28.444211695908603 0 0 15.097971578055683 0 24.87120678570008 1418.1182744677758
1446.3319588533825 12.338663390016496 1515.628440078952 0 0 32.06804109201673 0 0 42.86011069602601 0 8.811148873125504 0 0 40.23309218989225 0 0 0 25.584290800657197 1322.704313429008 23.91450783939726 0 0 24.299806775244903 0 0 0 0 12.733332933052441 0 0 1663.8865946089586 0 0 0 22.33663398260841 0 0 0 0 0 14.417473711093105 0 38.716296655087746 24.300269955118175 0 0 3.377721843742936 0 19.9375208705478 0
1594.8972038498912 0 0 0 29.04908329876595 21.35066521191096 0 0 0 0 23.111583548084702 0 0 0 5.682696559542558 0 0 0 0 22.823695268431955 0 1322.2275374059557 0 0 0 0 0 17.798541749886848 0 0 0 8.111414886075611 1445.0934667741262 13.559201216474964 1691.58550452691 8.973631977803441 0 0 0 0 0 0 0 13.34054991818343 23.394832747155796 0 0 0 4.4219272335959126 17.756350969856914
0 0 17.72661784579737 38.97673786556693 0 0 0 11.033628286635683 0 0 0 0 0 0 0 0 0 0 27.031310513194285 29.752812581134624 0 25.530542933089706 0 0 1026.5359610099335 67.22927627316302 24.99633327738237 1.8837185687564624 18.912594248426288 1491.3324620813362 0 8.279447010493287 0 0 0 1494.3173262676808 3.0730300713355874 0 54.7684654699344 8.270257409941543 0 0 0 12.488746335654572 0 6.609374391619646 0 1533.4563025197724 0 0
0 0 0 0 0 0 1670.814984302456 14.89423214580491 0 0 1325.9858762348626 0 0 0 0 27.248614376089435 0 0 0 0 0 0 41.58841617250346 16.752969793971985 0 0 0 0 0 1455.8578621297256 22.06865061811883 0 11.841808264371767 0 0 0 0 0 41.38831447863976 0 0 0 1405.3814644255633 0 0 15.218033399397264 0 0 35.53983774381338 0
14.792996250082034 0 1359.5724607838995 0 0 6.4136304573039435 0 0 0 0 0 0 0 51.35865092314259 0 0 0 1494.7722061598927 0 0 0 0 0 0 0 19.859008537752814 0 0 0 0 0 0 5.999884487199676 9.469511162021115 0 0 0 0 50.78405709858179 17.57644546291221 14.778825120020699 18.332706683963437 0 3206.7833804329484 0 26.148245538303662 0 0 0 30.96544201189507
18.87133287235718 0 0 30.25687676132845 1442.9585566094947 1648.8450293903752 0 0 0 41.87293003022157 1221.1356117126602 33.40743551858496 0 29.44327961465803 0 0 43.44599883018918 35.12826567098094 28.50820642817284 44.40162137675375 60.148356646843126 0 48.84440688165013 0 0 39.78306394037703 28.34404169605533 24.634209835394348 0 0 0 0 17.46231282317533 0 4.699899951787794 0 18.7688943367548 16.626463386000083 0 25.946875837535046 38.578009795651056 16.710598948158268 17.854538941288286 12.410912126670166 0 1329.5295416515792 0 0 0 0
3.254580879655629 0 1584.825202306562 0 23.713648119562556 0 0 24.686565458308106 0 20.953656029573473 0 0 0 21.161982631317244 0 0 0 0 0 0 23.077903216869217 0 0 0 0 0 21.906769634188382 0 0 0 28.892025104141005 8.837664062725931 0 0 0 21.67156098249955 1.1608074815483427 1404.8645441136964 9.06507727655243 0 0 0 1299.7040734946581 0 0 0 0 1481.3263513860484 0 0
0 0 18.70890581921506 1352.8828584057198 0 29.941240494146456 0 0 1717.5446785741165 0 11.33601508556874 7.946557976057593 33.7835321958985 0 22.80049006266717 0 0 0 0 0 14.39303423590373 0 18.78619906284517 0 0 19.170695051045413 1281.6204090622552 0 21.709087880861752 25.55408058825121 1321.1863324847839 0 32.551725733104774 17.856140484516857 0 56.28873792791143 95.6817259837749 25.73410481463428 0 32.84480387854383 0 0 27.87768046163979 0 68.77812463043345 0 30.574957963085495 4.5780301664186105 0 33.4874651952084
0 1547.865224503807 34.56975070463869 1241.6626239007155 1435.3428455950584 0 0 0 0 0 0 0 0 0 0 0 0 0 0 0 0 0 22.7543029774774 1716.8771336210816 15.658549269314383 0 0 0 0 0 0 0 0 0 0 0 0 0 0 20.388163194539686 0 0 10.600627030668186 0 0 0 2.680748680111652 2.573120454044906 0 0
53.44605421587676 1513.11672426953 0 0 0 33.50464238322361 33.675247729166976 0 0 17.308290928008883 0 0 0 14.254751543874828 21.05836542592446 6.727557175966886 0 0 15.927018416223556 33.35489632051562 3.1647807152187433 17.760818672688526 9.57860483823985 22.753529033452253 7.474966308763985 10.085764132531402 4.160605386059991 38.324932231724006 41.4424540353221 1261.1778920133193 43.907433918822576 11.827215115668658 0 0 39.690809303892735 35.90275188259335 0 0 0 1513.785138573639 0 0 0 0 1185.692904972089 0 23.56026052170154 23.432288444634743 37.29978817160205 0
0 0 52.028698263272524 0 0 0 1278.8147096686898 1462.3256984274221 63.602455567441766 0 21.189592380929227 0 34.54014678710824 46.50484780195642 0 12.471316583725544 0 18.47552051425436 26.38095326010533 0 57.742850301986 44.72750684395711 0 29.287991740880756 1330.4416854425506 35.047231632116265 27.13401874251555 0 0 0 30.24006566941899 53.84792549502431 0 48.03980513994008 0 0 0 7.26223521880333 0 0 48.790395692698254 0 0 0 0 0 0 1216.7962040536024 0 20.18760335379314
0 1459.5431507134251 0 0 0 0 0 0 0 0 0 0 0 0 12.615452678906454 22.319896863493206 0 0 0 0 1383.9513557363243 32.02703273562804 0 0 0 0 0 9.299603301176836 0 1609.8552924748922 16.793125401885366 0 0 0 0 0 0 0 0 34.857419137807256 16.759427961575025 0 0 1.0030687616763743 0 1583.0372933297217 11.465508958191855 5.453515340405632 0 0
18.95659934339394 0 0 0 0 1705.4581458404282 0 0 27.33438296108833 20.32788299822732 0 0 0 12.083451957569928 0 0 26.798476309434484 0 0 0 27.628755514574053 0 32.218003454317106 14.536877008220852 1608.1428951378946 0 0 0 0 0 24.380914872441316 0 0 4.428236970316483 4.362013370704833 0 0 0 0 0 0 32.442568873936295 1416.7539003773331 0 1501.6953528501053 0 0 0 0 0
0 14.93666964051405 0 0 0 49.01966576887085 0 0 0 0 0 0 0 12.850036136491827 0 0 0 1701.4485944868582 2934.4657681187114 0 0 0 18.124640725056278 0 0 0 0 14.672539294104569 0 0 0 0 0 14.795067520262503 0 54.34878539834996 0 5.272594577148665 0 0 13.72629395807118 36.77356179268749 1203.1277280630154 7.108676586682212 0 0 0 0 2.218028049127401 0
0 0 0 10.193664053908742 0 16.639813280470065 0 0 37.56323371077103 0 0 13.5631474077475 0 0 0 29.620794089431435 0 19.269759389374553 27.989867055815562 0 17.271011586386386 22.514991583217963 0 0 0 34.158656095580994 50.52336078257055 0 1478.4968373530824 5.859543069786584 35.87918054365278 17.796388177539086 0 0 27.445580756685956 0 1427.3525197705317 18.133206502615216 1523.9033571273478 21.774181252885505 0 0 25.249789536322545 30.042573071931802 1284.2992246869046 0 55.493246394987366 34.69034648480485 6.533733663143513 24.331229191060658
23.942308320331676 19.94098310931249 0 25.22926798178428 35.03705300267255 0 30.611024782274903 0 42.71018930883445 16.765650479051928 25.86805393331821 12.517847912463555 0 50.53060995111338 0 0.712555467413873 35.472647669143605 1352.098772799384 0 0 35.56054328818881 1616.165791114968 0 33.939010396273225 31.992455394952916 0 10.945955687380755 0 0 0 0 51.88086046309111 0 9.438006982781122 26.61181044470296 15.792893079301216 0 1318.7025450388637 0 1444.0707871984434 0 0 0 49.32272774814365 0 26.747454890831857 0 0 0 0
0 3.732037747337422 0 0.866730375119328 0 1365.8046403434555 0 0 0 0 0 0 3065.291051714288 0 0 14.973489173101893 0 0 0 0 0 0 0 0 0 0 0 0 0 0 0 6.9974064737152535 0 0 0 12.546084454467547 0 0 0 31.823078138876184 9.332163876754837 0 0 12.942978480654899 0 1461.329769689701 9.412132952066045 0 0 0
1411.2989296860883 0 37.84252694018571 17.478151839698988 0 0 51.33854456890633 0 0 1112.1439451596216 3.3471851098025525 0 0 29.762351034580647 0 0 20.509654025891443 0 44.27103787077461 45.1445727123249 18.220665925748143 10.576942480269745 0 57.930761110544815 22.081861021884336 0 0 19.721487898881655 19.23195739849999 0 0 14.22281483581803 15.82427885952169 0 18.731456796502563 0 24.456192436664423 0 1257.7806975412468 24.112849365752247 11.396964336095728 28.8265734518548 1486.5546540684088 18.173875903900267 0 0 0 6.9418259608704656 2.8858030086033004 0
10.025054688186382 22.326161484040647 0 0 0 1.473826553392481 1.310678801335964 0 0 0 0 0 0 1805.055186499109 0 31.799172075578653 13.069557756728464 0 0.31330871671190685 12.31734265887858 0 0 22.81336733525188 0 33.08859853970675 8.249716760786836 1314.441689664682 0 0 0 0 0 0 0 1439.9868658004316 0 0 0 0 17.221553543519292 0 0 1580.311219759259 0 0 9.512439294829548 0 0 0 29.98919143129649
0 6.983077626131124 17.322193963637627 0 0 0 0 0 0 0 0 0 0 35.22001592883489 1463.584542587173 0 0 11.659387178204126 0 0 0 0 15.483147459892326 17.796456142135696 0 16.85578354561828 1600.9771952246863 0 11.920859863943704 0 0 1555.3801776742732 25.81894098937051 0 0 0 0 0 0 0 21.725388418037184 0 42.72840432210265 26.459243829227496 0 0 41.65454983180271 1317.4248669193742 0 0
0 0 16.817904654171848 0 6.07564965133211 29.78740731017478 0 18.756305835980697 21.917785700151434 0 0 0 0 0 0 0 0 0 0 1489.4769282131222 2.3482671810065057 0 0 0 0 0 0 0 17.279928625286914 0 0 9.933899793830316 2.380081952482101 0 0 0 1423.8048121848713 0 0 20.711175543325723 23.78883036176937 0 0 0 1285.358044572457 1708.587708877411 20.080876147110214 0 12.513559803279428 0
0 0 0 0 0 0 8.891311509270942 9.334434654964426 1.0898809002510177 0 1612.1831425755731 0 0 0 18.92127671201516 0 0 0 17.85583429875111 30.078386715313297 0 0 17.792212264677488 44.12727835857504 0 0 0 0 0 15.906210421090552 0 0 0 0 0 0 0 6.554541032854836 35.62871482249198 21.546894493363787 27.00318971686916 18.006656902707967 1416.2408921863873 0 0 0 0 2904.754744716622 33.768339065925716 34.94982106806808
0 0 11.79475648528625 22.75634777254382 0 8.180305310904666 1476.1563410390388 0 0 0 0 1306.6510538848606 9.866619727454149 3.314466085896102 7.769059387825186 18.06309947093288 0 30.522751496166933 0 1448.8420325578038 0 0 0 0 1505.839851641182 0 0 0 0.4400857453926612 0 0 0 0 0 0 14.214809173032817 0 13.97442018839391 0 0 0 0 0 29.337435923050304 0 0 0 0 0 0
11.948786474316828 0 22.128615929418885 0 24.227698058429226 0 0 0 0 0 0 1584.981223844154 1371.6748925383163 0 7.150176658962728 0 0 0 0 0 0 0 0 6.514559215506205 0 0 0 0 0 1296.026188448291 53.454176975609975 1417.2407365478998 0 0 0 18.368351300650996 0 0 0 0 0 0 0.20338434693283602 30.322495715254075 0 0 16.677375794932253 0 0 0
22.75974508225025 0 14.771483746036234 4.187893534252874 0 0 2601.394483693709 0 0 0 1661.61908199407 0 0 0 0 18.971109733612465 17.00381329849011 0 0 0 0 1456.9160179089927 0 0 8.310494118194192 0 0 0 0 0 0 0 0 0 0 0 0 0 0 14.841623934973047 0 0 0 0 0 0 0 29.414308173366344 0 0
1537.2692285100472 1588.7229884869253 0 56.87120050961006 0 0 0 2.0003678640433193 45.45606768010562 58.89909621884607 0 11.80499973606439 0 1207.0696188116801 0 17.371869574909187 0 28.205948602993487 28.572529137368953 0 50.00224497640859 1167.2641330772224 0 0 0 0 0 78.93722451114999 0 0 0 28.4496892853589 0 34.35389608215209 38.48508980626617 22.174768766170867 49.29305941352807 12.24785315993676 0 39.80111598599112 0 0 82.11309193250786 0 26.09395724334844 31.49805918200044 28.666474576636304 8.14570555808305 17.502635992673888 20.272790487312065
8.65197518755992 0 0 15.95951522435847 0 0 0 22.12149743969291 0 0 0 5.678516086229736 0 0 0 9.946049538494819 1345.4369001483055 18.843156183619758 0 16.403459572131297 16.895966920557658 32.210117283494796 0 2.955695846032917 0 0 27.069851344139394 0 0 0 0 1380.068554740193 0 19.78700884000145 0 0 0 1479.1115464520735 0 35.76377532571303 0 0 0 1247.3658322978083 0 0 0 36.58455723313951 0 0
0 0 0 19.619861267414752 0 67.46036399239073 1316.4019366237608 16.74560447471876 18.8791466239822 1316.013969191992 0 25.101228625398942 18.628775491684088 0 0 55.76612505565054 37.10949028010908 1403.4373580736687 0 0 20.909570437786343 41.80404803892002 0 26.62011926106414 25.45807743279426 21.047753218563912 42.8064226179862 0 33.77687028364465 18.620020987683812 0 1418.1344702962967 0 21.099760705183403 0 0 0 0 31.37721545111278 0 0 14.993353125361322 61.688017179448394 0 0 0 0 0 28.168721807140496 40.58053213369663
0 0 45.240877971968786 8.294552050189145 0 0 0 13.98311956147592 0 2.0707683935985326 0 1506.3052529046756 0 0 1290.4463173404988 0 0 0 1325.9807934331488 0 1.8522348289527724 0 6.051401496616707 0 0 0 64.66374631078304 0 0 0 0 0 0 0 0 15.852487172128754 0 0 52.640514713631504 0 8.568077748369234 0 24.860179136561356 14.549899105702625 1412.22922941461 23.917975071259896 0 0 0 8.180373321367629
0 22.670943605562634 0 0 5.765502120544477 0 0 0 0 1326.9080043286092 0 23.837531779631142 0 0 0 0 29.664933679636636 20.969828614741523 33.38669295352959 0 0 0 1428.8854926397178 0 44.7150877659964 0 0 0 0 0 2.1590955473379285 0 0 19.147456111735004 5.814541282616197 12.546281168855785 1685.8968212972304 0 0 0 0 34.063007433784016 0 0 0 0 9.729936827853193 0 0 1689.5474134923372
0 0 0 18.41253747098889 0 0 0 0 0 0 1638.3050753507011 0 0 0 0 0 6.256593481743884 0 6.990861098395861 0 1417.6139531689591 9.091164590489212 0 43.104930005389186 0 0 8.503120605611869 0 0 0 0 1.7805210550104462 21.887459111784896 1.63706483520083 0 0 0 54.726359939646024 31.42539859673021 0 23.52804468321735 1417.2386140294352 23.915530992497672 0 0 0 0 0 32.72219498820374 1373.0545058155008
10.204530018295205 0 0 0 0 0 0 0 28.406869780558566 0 0 12.465830501429497 0 0 0 10.96534733283 0 0 0 1382.6875593370912 1413.317976636948 0 0 0 0 0 0 0 0 0 15.96501789951332 0 0 9.483881233279451 23.696726029297842 0 0 1623.2660138435815 1410.574947579067 29.296795080171638 49.4240769991655 0 0 0 0 0 22.244018166684054 0 0 0
1.2894043889015663 37.80188284435002 12.390079952530266 0 0 0 18.861248040212114 1086.2667229833055 0 1800.7962242375893 36.050077407896175 0 0 0 0 0 0 0 0 0 0 0 0 0 0 0 0 0 0 0 0 12.042465951991401 0 0 0 0 0 0 20.576092571165404 1475.8257687996788 0 0 20.329623935706632 0 10.535730166223376 1638.9207891704668 0 0 0 0
0 18.592584280938766 0 0 0 1446.0134721809382 29.222392564712578 30.48063175059515 20.549409663527676 0 21.50314109716362 0 1371.9438119130145 7.7274713538494675 0 1237.8396558050433 0 4.168052157268802 0 17.798995016192038 0 0 0 46.686347513563 0 13.125503922769333 20.90022751916441 0 0 0 5.951860226600912 0 0 12.687313718736302 21.765829034215116 0 21.742916122505868 10.923219681583536 18.748011862518005 0 0 0 0 0 0 0 21.82443530302094 0 20.587808398606015 1558.2089637817598
0 0 0 0 48.37420145719865 18.013302433218694 1206.8884999304692 0 0 0 0 9.990927785572893 19.51111476875451 0 11.67654768212877 0 0 0 0 0 0 0 29.738573296888426 1491.2783556536904 1611.2136266815166 0 0 0 0 0 0 0 0 0 0 0 0 0 0 0 0 1651.368362571562 0 0 0 0 0 0 45.755110964267274 0
14.535401616297582 31.23724185498473 0 7.4003880204813175 6.914380469444994 0 0 0 0 0 51.522608728747294 0 0 0 0 0 1397.8211998915679 0 0 0 36.20793177215483 0 0 0 33.0612063491495 0 0 0 0 1209.7807134468055 0 1663.3358800003975 0 0 0 0 0 0 0 1564.940958797389 0 29.466326739532743 0 27.4994664342543 0 0 0 7.142086793272243 0 0
11.192147151423232 12.220705453277658 0 18.125041604176946 0 32.46763305694535 23.918633151923807 0 0 0 17.445727640161792 0 0 0 0 17.92265159711191 0 17.627648282130043 0 0 0 0 7.0634443596682726 0 0 0 0 0 0 0 6.195448229295268 0 0 0 0 0 0 21.17390886673617 0 0 0 0 1660.2416496209 0 0 0 3041.3528660049233 1081.7398505765498 0 14.575971739806874
0 0 31.248022718333196 14.147364950768221 0 0 1615.8650478908098 1123.6994203013624 0 0 0 0 0 0 0 0 0 1550.7674032761975 0 0 7.531876552166082 7.8506982399961895 18.692814541783235 0 0 1556.748952323855 0 0 0 0 0 0 0 0 0 0 19.538544485378075 0 0 20.26526750558241 0 15.313423686672772 0 0 0 0 0 0 36.23172121592775 0
0 0 0 1612.0023158662852 37.30865086774011 0 11.756400878455427 18.830445955199146 0 0 0 0 10.577604729225987 28.56702737449023 0 0 45.58635441523548 1286.538421675716 16.231016863558597 0 0 0 0 0 1546.4996189895874 0 18.37712422363318 0 0 0 0 0 0 0 0 0 20.079734783140037 0 0 0 0 1498.6207078603027 35.0478585189324 0 0 0 0 0 0 0
0 0 38.56957914555031 17.584739371350324 0 20.304630856481023 0 4.084947051269134 7.42767331024714 0 1356.370763429485 31.592435579049276 0 0 0 0 13.979923401604493 1297.3825818224163 20.071585624584557 0 36.170056268654925 0 0 29.33943131271867 0 52.22430072530975 0 0 0 1357.7735858293163 32.50821272675811 35.004170525989494 1476.5233291215498 0 33.80190980739525 0 0 0 2.547368471216558 19.514223205564775 35.00206600096901 0 17.00811156404032 25.80328591102426 0 57.86750597888323 0 0 22.678143054571546 46.30933772290963
20.795359341552956 0 49.66972588064459 34.749170495640435 0 0 1372.0792659556141 18.083404392374646 32.15299854965309 0 31.712536535310576 0 0 21.78692727691668 0 23.675175033657098 35.659943660223036 9.729605974086732 0 1518.7350973677992 35.71325105583345 0 0 25.922285175554595 0 0 0 17.973238833573312 1463.8827551831123 26.0092518137597 0 16.1536413485989 30.135337409715035 3.3064618182954693 54.489377656491925 0 0 10.66269614862966 0 0 41.197678700365664 28.8561674741005 22.70198190714337 1326.8816686788516 0 27.446188751233713 0 30.07932927648823 33.68615779480902 11.779268699288252
0 0 0 7.848873508471277 13.694980737464775 0 0 0 0 0 0 0 0 11.838190480574589 0 1482.8902627168839 0 0 23.43582251350106 37.48333763975364 19.596893363529524 0 0 0 0 0 0 3143.278008348354 0 0 27.791700185555904 0 0 0 0 0 0 0 0 0 36.87590291585343 9.93750105517152 0 1112.3773566102514 0 24.478470203548575 20.530468936287523 34.53843822720593 0 3.5210863901662606
0 0 0 0 0 0 26.804668671506015 0 0 0 0 60.181225909072595 0 11.583964698216171 1446.9219130824092 0 0 0 0 51.227966679122574 0 0 0 34.66835301284541 20.05132322382908 0 0 0 0 1384.3685491922834 0 23.926424203543533 13.553017392023932 7.825710919401621 0 44.60341403794664 0 0 0 40.22838567479998 25.708069672622244 0 0 1584.8168833635868 0 0 54.76051589958047 11.387992663939363 1520.277104758181 25.159290287474537
0 0 0 0 0 13.916347675086023 0 24.517214583330492 0 24.71295864891097 0 1257.9542493551576 0 20.684531415403928 12.878775518264483 0 0 0 14.22569709505386 0 0 1388.7011098778692 25.10868218467004 1716.5915270057073 4.82308652511556 21.919325756820523 0 0 0 19.568550017372374 14.622532341105073 23.993368292771727 32.80070051344479 0 15.492200728766528 0 0 0 22.240201132250697 0 16.151836609864176 26.116223891721724 24.347359810284594 0 1443.198634133275 0 0 0 0 0
